-8.90077312E8
1.12533728E8
-1.279037312E9
1.33038992E8
2.117827584E9
-3.03300192E8
-5.563456E7
-1.353715456E9
-1.1648016E8
-1.070628928E9
1.832588032E9
-2.135489408E9
1.963915136E9
4.45574432E8
2.52887936E9
-1.547215104E9
-1.519480832E9
-8.27926592E8
1.467579392E9
8.7950336E8
1.80003392E8
-1.04268576E9
-2.0386496E8
-1.29354624E8
-9.00578304E8
-2.65680832E8
-1.19212152E8
7.6486848E8
2.98851584E9
-1.635605376E9
-2.111322112E9
1.78081024E9
-1.081612032E9
5.65400512E8
2.029933312E9
-4.6657104E8
-7.33886784E8
6.86301056E8
-1.903244544E9
-1.032565568E9
2.37423232E9
-3.9995136E8
-5.20549248E8
2.526970112E9
-2.23546368E9
-5.78965888E8
-3.45986752E8
3.9751872E7
-5.12276896E8
-2.4110784E7
-4.48548992E8
-5.75099072E8
5.48374272E8
-9.32302208E8
8.35326144E8
2.61864448E8
2.6109184E8
1.224574592E9
-7.69136512E8
-7.5429504E8
7.6967616E8
8.79267968E8
-3.77698752E8
1.612391424E9
-6.79186304E8
-1.97998336E8
1.4336736E8
3.84924032E8
1.143233152E9
8.9351104E7
-1.737513216E9
-1.49926784E8
1.740452864E9
1.1537728E7
-6.1791424E8
6.68336E7
2.1108864E7
-5.0934624E8
9.09126976E8
-1.50150048E8
-4.5970944E7
-1.21285952E8
-6.49401216E8
-4.873768E8
1.057200768E9
3.61567552E8
6.34060032E8
9.2964608E7
-1.016798144E9
1.13749696E8
1.208365312E9
5.43828736E8
-3.06494976E8
-1.401886976E9
4.1447024E8
8.35997056E8
-1.82627376E8
-9.30626112E8
5.02707776E8
7.54355456E8
1.67423872E8
1.304676352E9
-1.279382144E9
-5.43282432E8
5.2807648E8
-2.42393408E8
-5.5573984E8
6.37875904E8
-6.39223808E8
1.399158528E9
-3.79454144E8
-2.30484576E8
2.25566368E8
-5.58657024E8
8.8232736E8
8.96637248E8
-2.33626432E8
-2.6917632E7
-1.025538368E9
1.96907392E8
1.093373952E9
3.14836736E8
-3.95547616E8
-3.45791328E8
7.18209408E8
-5.40760064E8
-6.0287488E8
9.2615888E7
3.84892992E8
-2.32916448E8
-1.072635264E9
3.60887328E8
3.483456E7
-7.17149696E8
9.26418944E8
2.88955776E8
8.31862528E8
3.3636256E7
-6.78751232E8
5.72408384E8
-9.36251968E8
5.0123776E7
-1.92792784E8
9.21535616E8
1.18398784E8
1.8064736E7
-8.50165888E8
-5.45156032E8
6.5432928E8
9.78191616E8
2.07348384E8
5.47548672E8
3.23774272E8
-4.2119296E8
1.0493376E7
5.6725072E7
8.8594624E8
-3.24037152E8
9.39584384E8
-4.31970752E8
1.73714592E8
-5.15892224E8
3.57370976E8
-4.04468928E8
5.62279872E8
-4.77107008E8
1.68832384E8
-2.2084128E7
-3.3268256E7
-1.659294336E9
-7.27456448E8
8.0891616E8
5.93210624E8
4.43693632E8
-3.24292288E8
-4.21264288E8
3.73583008E8
-4108808.0
9.083664E7
1.125144064E9
4.14883456E8
-6.4036824E7
2.93713632E8
-9.4886912E7
8.15524224E8
2.41437584E8
4.2622528E8
7.997312E8
-1.12796352E8
-5.52869888E8
7.48369408E8
-9.2456448E8
-8.9062912E7
1.092893696E9
2.43198864E8
-1.196225536E9
3.6754016E8
5.620416E8
-2.67741408E8
1.216404736E9
7.5324384E7
-1.98162784E8
1.0065732E8
-1.500607488E9
6.7050752E7
1.5210272E8
-6.6092224E8
4.82769408E8
2.35095104E8
-6.62901376E8
-3.86076288E8
-2.67372928E8
-5.18938816E8
2.31476464E8
1.07771008E9
2.52875936E8
-5946176.0
6.55945856E8
9681152.0
-4.52351872E8
5.15454784E8
1.56943776E8
-7.13879744E8
-6924352.0
1.91792384E8
-5.51427456E8
7.83707264E8
-5.8637952E8
-3.80852064E8
1.451408512E9
-1.42643264E8
2.66032128E8
1.310034176E9
-1.37826112E8
1.32042816E8
1.416431872E9
-2.40309584E8
-4.84570144E8
3.43785728E8
5.12094272E8
5.07257472E8
-3.9155376E8
-1.94562944E8
2.032125696E9
-1.22307584E8
-7.63438208E8
9.05183616E8
6.28737088E8
-9.89994176E8
1.33234312E8
5.718896E8
-6.96942912E8
-1.115372416E9
2.85050432E8
1.7300608E9
-1.261156352E9
-1490432.0
6.75063552E8
-1.40228352E8
7.0925184E7
8.5392096E7
1.18592128E9
2.6088672E7
-3.60959616E8
8.23115392E8
-5.91736576E8
-1.47802816E9
1.62563072E9
3.5575424E7
-7.57504E8
8.61401792E8
3.69249024E8
-4.91850368E8
2.64102848E8
-1.078361856E9
9.85452608E8
4.60858816E8
-9.05927872E8
-2.60304496E8
1.053328256E9
-7.71202304E8
-1.05604032E8
1.566517248E9
-5.13970304E8
5.15682816E8
4.2359008E8
-3.36630304E8
6.076096E7
7.05046016E8
-1.068047552E9
1.286377984E9
-7.72009088E8
-1.76215936E8
-4.32532416E8
2.099533824E9
4.6067376E8
-2.098745728E9
1.448214784E9
-8.32751488E8
-8.52689664E8
-1.434804864E9
-1.371756544E9
2.391497728E9
-5.86306368E8
-1.287213824E9
-7.4652416E7
6.48552E8
1.273508352E9
-7.929776E8
4.65488224E8
-2.031072768E9
1.811939328E9
-1.716614656E9
5.66194304E8
4.50722176E8
3.0736352E8
1.803573632E9
-1.937856384E9
-1.848418944E9
1.39770368E8
8.53524928E8
5.9745536E8
-1.81448416E8
2.11768832E8
-1.283511296E9
-3.19635456E8
5.1746944E7
1.81708352E8
-1.772897536E9
1.0705776E9
1.351799552E9
-1.94494144E9
2.209881344E9
-3.286320128E9
-4.04975104E8
2.522344192E9
2.56516352E8
-2.00262208E9
1.248329984E9
-3.67049728E8
-1.758319872E9
1.911943168E9
6.57777728E8
-7.48226432E8
3.71025472E8
-1.153473664E9
1.29141248E9
-1.15074592E8
-1.3649888E9
3.589632E7
7.02692608E8
-6.68524032E8
-1.414059008E9
1.308687488E9
2.3620104E8
3.76958784E8
6.71970048E8
1.01700864E8
1.432762368E9
1.294313216E9
-1.162617856E9
4.66985792E8
-1.84715648E8
1.2310592E7
1.231397376E9
-2.33552064E8
-3.11898592E8
7.28296832E8
-1.4083008E7
183136.0
1.20498368E8
-6.5198848E8
4.02945152E8
-1.06076928E8
-2.01437552E8
5.5972672E8
9.78183808E8
2.38422016E8
-4.61835456E8
2.5461392E8
-5.748448E7
3.37744192E8
-4.2679888E8
-7.1038144E7
1.62021888E8
-3.9523776E8
4.57409664E8
-4.82094016E8
-5.1351536E7
-3.08388064E8
-6.5790144E7
3.17684032E8
-1.49277488E8
9.1906848E8
-6.51482944E8
-7.2815872E8
7.51303488E8
1.265504768E9
-1.087408E7
2.64363424E8
4.6329968E8
1.064105344E9
1.455744E7
6.02317184E8
-2.69062976E8
3.93823968E8
-6.23210048E8
2.773408E8
1.057691776E9
-5.81184E8
1.08545472E8
7.20459648E8
-5.09650336E8
6.12052032E8
-6.35154176E8
-7.2516544E7
1.051764864E9
4.14401632E8
-1.91276224E8
-6.71902336E8
1.28349888E8
2.38281424E8
-2.07091296E8
-8.19474176E8
2.489952E7
4.4280704E8
-8.70178624E8
1.5521144E8
8.23532352E8
-1.2394272E8
-4.16407744E8
-1.67560704E8
-2.94311328E8
-5.22096E8
2.11681152E8
-1.0899232E7
-6.88181504E8
7.1514688E8
1.551031936E9
-8.16264704E8
1.61045056E8
-3.89991904E8
2.61039312E8
-9.4443136E8
5.41953664E8
3.30759424E8
4.53075328E8
-4.92513184E8
-7.4121312E7
7.81145344E8
4.84545888E8
-2.84163136E8
3.07066688E8
2.30264192E8
-2.40166368E8
-8.83790464E8
-3.88449216E8
3.71666592E8
-4.00314336E8
4.65356288E8
-7.18074496E8
-1.96543872E8
-5.263664E8
7.06664832E8
5.87975808E8
-1.14690304E8
-7.8441112E7
1.9147424E7
4.65266688E8
-5.82489728E8
5.058448E8
-4.09019328E8
3.3631616E7
-2.00467136E8
3.18309312E8
-3.39021824E8
1.19567936E8
-8.75406464E8
-1.68679808E8
1.22645312E8
8.79447296E8
2.3989184E8
4.53842432E8
5.89182848E8
5.20179712E8
3.01128128E8
2.08576128E8
-6.18775936E8
-9.30698624E8
-9.4371392E7
7.64268352E8
4372256.0
-6.11623872E8
-6.53706368E8
9.4963296E8
-1.97724224E8
-7.08774016E8
-2.01057184E8
-2.97473696E8
3.85069312E8
4.56264E7
3.05518208E8
-2.6410848E7
-2.7893552E7
3.172784E7
2.62554176E8
-4.16618752E8
-9.850464E7
-9925824.0
-1.59478032E8
-9.69916928E8
6.8332736E7
-6.43105408E8
-4.98121536E8
4.02448352E8
-1.21771712E8
-6.50591744E8
1.8564304E8
-7.02326528E8
1.2361808E7
7.97519168E8
1.8075072E7
1.000639104E9
-7.00126272E8
3.2098848E8
-3.16571808E8
1.026099072E9
4.39025312E8
3.17147264E8
7.95105152E8
-3.61229664E8
-6.61299008E8
5.18211168E8
8.96430336E8
-1.543356928E9
9.0918496E8
2.9264672E8
-8.30805248E8
4.00065792E8
9.3293088E8
-7.53697664E8
-5.8474816E8
8.20343232E8
1.70256E7
-6.8631392E7
-7.8233888E8
7.13787968E8
8.03969472E8
-1.087068928E9
9.39212928E8
1.75709248E9
-1.03345728E8
-1.28089408E9
8.73396608E8
-3.6900352E7
-3.8996288E7
1.70071488E9
-1.88738944E8
-2.7485056E8
8.58714368E8
-2.17611168E8
-1.2630128E7
-9.18631552E8
1.09787392E8
1.463797504E9
3.40251296E8
-7.16840832E8
-1.53075264E8
2.995104E7
4.28064768E8
1.2363488E8
-6.9435648E7
4.35888224E8
-2.54183296E8
2.50016256E8
-1.28667584E8
1.13830336E9
-7.44951488E8
-1.021390592E9
-2.0066432E8
8.854976E7
2.0097408E7
-5.1994176E7
-5200704.0
-9.41610944E8
-5.6803456E8
9.84241536E8
-1.059069568E9
1.548878208E9
-3.2096336E8
-3.85604768E8
1.529881216E9
1.681642752E9
-2.46030208E9
1.88149824E9
8.08949888E8
-9.25161856E8
-3.06824192E8
3.64053632E8
-1.43724672E8
7.83277056E8
1.095872128E9
-1.32424128E9
-8.75352192E8
-1.24374096E8
8.47560448E8
-1.942230272E9
5.3264384E7
2.06186816E9
-1.049834176E9
-2.06436608E8
1.48010048E8
6.51153344E8
-3.83933824E8
2.98947392E8
-1.82848128E8
-1.29988096E8
1.566079232E9
-8.34093312E8
-4.5418944E8
7.77998272E8
-3.5824896E8
4.39882368E8
2.947705856E9
-6.80456192E8
-4.68569024E8
-1.0510784E9
6.0009792E8
-7.7770368E8
-2.4237568E8
1.02441216E9
1.2447488E8
-3.88742912E8
1.733609984E9
-1.625052672E9
-2.516198656E9
8.1239456E8
8.95729792E8
5.30883392E8
-5.90350464E8
-2.126755328E9
-3.63048704E8
2.82137664E8
3.7977472E7
1.200472832E9
4.56740736E8
-1.386942208E9
2.302478848E9
-1.175442304E9
-6.50996224E8
1.94616128E9
-2.9570688E7
1.453253376E9
-5.59230528E8
-9.82675648E8
1.80232448E8
9.66686528E8
-1.1433536E8
1.0116544E7
-5.8446272E7
-1.2192896E8
-2.71170784E8
4.6882944E7
2.14287808E8
-3.8327744E8
2.97315584E8
1.14201104E8
-1.054157504E9
-5.51009728E8
5.18428768E8
-2944224.0
3.20531808E8
8.1269504E8
-8.21536448E8
-2.5585896E7
-3.61941504E8
4.38979136E8
-1.06681888E8
1.65194688E8
1.55937184E8
-4.18044992E8
-4.74161216E8
2.2426112E7
-3.04867648E8
-3.48884224E8
3.45806272E8
-2.36951312E8
2.86416576E8
7.89736064E8
3.56293888E8
1.54807584E8
-7.2519808E7
9.50771712E8
-3.85775552E8
8.86000704E8
-4.30920192E8
2.3696608E8
-5087872.0
6.09095296E8
2.81727392E8
6.92943296E8
7.893392E8
1.099315712E9
6.06989888E8
6.49095232E8
-7.36845696E8
-5.1776656E7
-2.53793392E8
8.3030976E8
4.06610592E8
5.2030784E8
4.87193504E8
-1.175302784E9
1.5169024E7
7.9591488E8
-3.55877536E8
7772416.0
8.07992576E8
1.0000652E8
2.11116912E8
-4.7455104E7
4.06811648E8
1.32947648E8
9.30150464E8
-2.81410816E8
1.4061176E8
2.18635872E8
1.0102336E9
-3.96679424E8
5.77967552E8
-3.80703808E8
-2.19253728E8
-4.27163424E8
1.8439912E7
7.8394976E8
-1.94307088E8
-3477352.0
-3.33286272E8
1.18457568E8
1.295118336E9
6.49368192E8
3.2699232E8
-6.092928E8
-7.969152E8
-6.2608416E7
4.2658368E8
4.79291392E8
-2.04205104E8
-6.81255168E8
-7.8142112E7
-5.3567072E7
-1.71020448E8
-2.46418E8
6.13951872E8
1.43165984E8
-7.30661184E8
-1.48330752E8
-1.73817056E8
1.26460824E8
-3.82097152E8
6.67117632E8
-1.69502112E8
6.8739808E7
-2.39396064E8
-2.36335264E8
-2.1606696E8
5.20194816E8
3.6880848E8
-9.4758592E7
1.6314336E8
2.85591232E8
-5.85090368E8
3.98451808E8
3.30620864E8
5.3110496E8
-2.00311776E8
3.40797984E8
-5577324.0
-4.89165152E8
3.19851296E8
-2.56076736E8
-6.63572352E8
5.6930848E7
2.55273312E8
-4.01645152E8
-8.84635264E8
2.200784E7
5.8633664E7
-1.87239936E8
-7.98304512E8
4.48816416E8
5.53975552E8
-9.86201472E8
-3.78120736E8
-2.77961088E8
5.5155568E7
-2.39441472E8
-4.92574208E8
3.47899584E8
-8.781408E8
-3.95690624E8
3.00708896E8
2.75801856E8
5.27982976E8
-2.57566656E8
6.02904832E8
7.50623488E8
-4.51740832E8
4.85209088E8
9.94524544E8
1.6063848E8
-6.07585408E8
3.08430304E8
3.46348384E8
-1.12357232E8
1.37468592E8
2.33664256E8
5.4828032E8
5.36806464E8
-7.15328192E8
7.5886056E7
4.178528E8
-5.103136E8
2.89810432E8
6.406288E8
4.37673568E8
5.50972864E8
1.34351424E8
-1.400700672E9
3.54441664E8
2.09617968E8
-9.74068416E8
1.14266912E8
1.026982784E9
-7.49418752E8
-2.3207312E8
4.8255312E7
7.15586304E8
-9.0639136E8
1.184442752E9
-3.05994048E8
3.4431296E7
-4.99613216E8
6.48933888E8
-4.54544512E8
-9.47902272E8
-5.97779584E8
1.389495296E9
-6.55716416E8
-7.35846016E8
1.078383872E9
1.265728128E9
-1.8646656E9
-2.19996544E8
1.691933568E9
-5.5400256E8
-1.644963584E9
1.278876928E9
3.80147264E8
-1.71486976E9
1.36140288E9
9.114704E8
-2.78362112E8
5.49411648E8
-2.82342272E8
5.19630208E8
6.1499648E8
-1.047447616E9
3.25237344E8
-5.2018512E8
1.70498272E8
-2.314604E8
-1.500484096E9
9.22598528E8
1.232327936E9
-7.91014848E8
-1.059567616E9
8.76202176E8
-4.7840512E7
-1.81218176E8
-1.530704384E9
8.8961504E8
1.079442944E9
-1.516643456E9
-4.8403072E7
6.0294336E8
9.1627584E7
-2.7411904E8
-5.5344352E8
5.6614016E8
9.5388224E8
-1.29328128E8
-8.84714752E8
-3.625344E8
5.03161024E8
1.06631328E8
8.37446144E8
-7.33015424E8
8.34662848E8
9.90464E7
1.70825152E9
-4.85094592E8
1.048391488E9
3.80768544E8
-9.86741248E8
-1.77648736E8
1.102694656E9
-9.90929024E8
-2.92073024E8
7.50516224E8
-1.591392E7
-3.98725376E8
8.05730048E8
-3.13639936E8
3.0025856E7
1.068247936E9
-3.38077728E8
1.75528672E8
3.442853376E9
-8.4314624E8
-4.77059008E8
1.99158656E8
1.01501376E9
-2.41209216E9
2.401504256E9
1.425000576E9
-7.11281024E8
-1.626932352E9
4.28362624E8
7.70092032E8
-1.460468992E9
5.676224E7
6.84072512E8
1.039394688E9
-1.1746528E9
6.34095808E8
-6.4631488E8
4.92966016E8
-5.81731008E8
1.957984512E9
-2.69571168E8
-4.16054976E8
-7.90640896E8
3.60406176E8
8.69725568E8
3.62963936E8
-2.14668864E8
-9.55006784E8
6.4760288E8
-9.08031872E8
-1.096402944E9
9.82227712E8
7.5737744E7
3.95508224E8
-6.73812352E8
-1.23664096E8
-1.03892576E9
6.88341504E8
8.73359616E8
-1.92085888E8
-3.0924272E7
-6.58524288E8
6.22602112E8
-6.25511744E8
-1.537760768E9
1.23153024E9
-1.041143552E9
-1.61397184E8
1.645301504E9
-1.62060352E8
-9.14696192E8
3.8387648E8
-3.59811424E8
4.3607616E8
-3.99456E7
1.06113056E8
1.1768896E8
-8.93314816E8
-1.34723392E8
9.5889984E8
-2.98218752E8
-3.80123584E8
-2.4120072E8
6.74455936E8
2.40894432E8
5.5033664E8
2.71059968E8
4.92657792E8
-3.41750272E8
-4.65579648E8
-1.14092736E8
-2.91548672E8
4.86959744E8
7.14622208E8
-4.37256608E8
1.2784064E9
-1.28472912E8
2.60635072E8
-1.051289152E9
8.08329088E8
1.33143392E8
6.98327488E8
-6.21134016E8
8.1365824E7
4.20628736E8
2.94495232E8
8.9409184E8
-5.7224992E8
-8.73182208E8
5.16000864E8
7.4467552E7
-2.73048896E8
6.9991168E8
-3.95698528E8
-1.66637616E8
-9.9240032E7
1.68272896E8
-2.5054912E8
3.50900384E8
1.80576512E8
4.377648E7
3.25673984E8
-5.82277888E8
8.74636736E8
4.23158912E8
1.020029184E9
-1.085436032E9
-3.27926624E8
6.24385024E8
-3.24431136E8
-1.4144256E8
-4.24935488E8
8.38413312E8
-3.48023168E8
8.9237728E7
2.51657888E8
-1.17145408E8
4.5797312E8
-4.11815776E8
-8.71391232E8
-9.2378728E7
4.47771008E8
4.83959936E8
1.28755632E8
-8.9401792E8
-1.080682752E9
-4.5042272E8
1.4970016E8
1.656708864E9
3.6565344E8
3.57931392E8
-2.41985328E8
-3.83225088E8
3.4424848E8
-1.50464944E8
6.96134528E8
1.62769664E8
3.5215568E8
-2.56282816E8
1.58982864E8
-6.8428576E8
-2.32212192E8
2.12857136E8
9.6166744E7
-7.033792E8
-1.16396816E8
-8.44150912E8
1.21538944E9
9.48091648E8
9.9761712E7
-5.99543872E8
1.78730176E8
1.89462208E8
2576512.0
-7.20984128E8
6.55617984E8
4.72170912E8
1.23778296E8
-9.98406272E8
-5.9048736E8
2.22883712E8
-6.5243432E7
1.09322752E9
5.06468096E8
-1.15157344E8
4.89954048E8
-8.985408E7
-3.566592E8
-3.30157568E8
7.28030464E8
-5.29241344E8
-3.92452512E8
6.68746816E8
1.122702976E9
-6.2600448E7
4.6550832E8
-3.355568E8
-8.9992768E8
-7.2596768E7
2.05514912E8
-6.27711232E8
2.7471264E7
-1.00465968E8
-4.26937664E8
-1.160256512E9
-1.55875328E8
4.19891904E8
5.44330368E8
1.0063664E7
9.24536384E8
3.77822208E8
-5.49257344E8
2.33338816E8
5.041152E7
-5.94294656E8
-3.7274752E7
-1.8702144E8
1.61040928E8
1.082322944E9
1.032508608E9
-6.60574976E8
-2.40701568E8
1.168553984E9
-3.9186096E8
-4.1380544E7
1.62954304E8
1.09789696E9
-6.74153536E8
-9.8751232E8
1.47300704E8
2.86599712E8
-6.52649088E8
-3.72011904E8
7.54243392E8
-2.22223424E8
-1.565911808E9
6.584464E8
-2.14682288E8
-1.008609152E9
3.08579648E8
3.62696704E8
-1.066413504E9
-7.88781376E8
1.18361664E8
-4.31073664E8
1.027220288E9
4.4496768E7
-4.48942656E8
2.802192E8
-1.282514176E9
3.95179168E8
-4.9153824E7
8.49017984E8
-9.67472256E8
4.51514016E8
-6.509504E7
-3.68292928E8
7.3535248E7
1.19700032E9
6.3777664E7
-8.98163264E8
1.757127552E9
1.17183552E8
-1.145294592E9
1.451622656E9
1.238993536E9
-1.002479488E9
7.70534784E8
8.16322368E8
-5.1524768E7
-3.90196992E8
3.91451968E8
-7.232528E7
-1.25661184E9
7.8156992E8
4.92294208E8
3.3298944E8
-1.58000704E9
1.20903104E8
5.7042944E8
1.20931584E8
-1.165627648E9
1.104649984E9
-6.7388288E7
-8.9055648E8
-8.6077952E7
-2.31488768E8
1.202599936E9
-9.53682816E8
-2.45107584E8
-1.42828112E8
1.820321536E9
-7.81462912E8
-3.0039456E8
-1.67532992E8
6.05894208E8
3.476672E7
7.62895936E8
-2.85759232E8
-6.18131328E8
-1.26716928E9
1.302782848E9
-6.76273024E8
5.28084864E8
-9.79191808E8
6.65733504E8
-1.0715136E8
6.0807296E8
-1.84961728E9
2.38602336E8
-1.841118464E9
1.135399936E9
2.249156608E9
-8.06512192E8
-1.058870272E9
-4.86600128E8
1.249392384E9
1.14073984E9
-2.792628224E9
1.03181056E9
9.36974208E8
-7.28662528E8
-8.2811904E7
5.33667456E8
-7.60889728E8
3.8174688E7
-5.17742272E8
2.083255936E9
-1.72302272E9
-8.76778432E8
4.8103104E8
-1.70289792E8
7.7800832E8
-1.674820864E9
-3.8336032E7
1.324305792E9
-9.0402528E8
-1.16509248E9
1.204580608E9
-2.3585136E8
-488736.0
1.10644416E8
2.54290656E8
1.37501456E8
-1.7662448E8
-1.06632064E9
1.12241152E9
-1.9710144E7
-1.408219392E9
4.37143872E8
-4.89336064E8
-1.34116976E8
-5.5252256E7
-5.5486208E8
1.706761856E9
-2.88878848E8
-3.90494848E8
-4.24402816E8
4.56315968E8
1.851576448E9
-7.15714048E8
4.97053568E8
4.48343584E8
-5.163488E8
-7.0325408E7
2.3437344E8
5.66346816E8
6.61923584E8
-8.99608832E8
1.457064704E9
-8.13559168E8
3.81000512E8
3.36566304E8
1.64097808E8
3.8759416E7
7.283056E8
1.209919232E9
-6.14460288E8
-7.4199712E8
3.27565952E8
2.09828736E8
-4.43142624E8
4.2498928E8
-3.41937888E8
-2.84957824E8
2.27347968E8
-4.31547616E8
-3.0825024E8
4.37448896E8
3.64187392E8
-8.81066496E8
-1.54365664E8
-3.1459904E7
-2.20562912E8
4.35011744E8
-8.50412672E8
3.05575552E8
8.90896896E8
-6.31049088E8
1.7556048E8
-4.02910912E8
3.15970368E8
5.23373376E8
-2.02112544E8
-9.80053312E8
7.9892928E8
1.09186272E8
-7.2670704E7
2.88969056E8
1.2182264E7
-1.421359616E9
6.73271744E8
2.31982336E8
8.9271872E7
6.3097728E7
-8.16645888E8
8.71768192E8
4.29595072E8
-2.57549408E8
5.32831968E8
6.96492032E8
9.7086304E8
3.09567616E8
1.85512704E8
1.22982736E8
-6.42390912E8
-1.04458112E8
4.87633344E8
-4.67866688E8
-4.889056E8
-7.9694144E7
-1.34698848E8
-7.994544E7
3.3120736E8
-5.04001888E8
6.64706688E8
8.4942112E7
-4.47245824E8
7.5812944E7
8.79214336E8
-3.2852288E8
-4.8369568E8
1.057549376E9
4.99946016E8
-1.69787232E8
-2.23395088E8
-9.2774368E7
1.25810624E8
2.5914264E8
9.376224E7
-9.74662912E8
-5.70681984E8
3.5801264E8
9.44127616E8
4.2378368E7
-9.9348688E7
5.6339776E8
1.2713696E9
-3.82152E8
-6.35190272E8
5.10866304E8
-8.83843584E8
-8.30674112E8
3.03946112E8
4.91375552E8
-1.79912512E8
-4.807472E8
-2.09737008E8
-1.89094784E8
-3.40348416E8
9.3395712E7
5.78830784E8
9.79752448E8
-2.37690016E8
5.41558976E8
-5.43294784E8
2.18853904E8
2.0078368E8
5.4577632E8
5.34351072E8
-8.35307264E8
3.490288E7
-1.6399648E8
6.90586688E8
3.5034784E8
-6.29705728E8
3.6787008E8
-3.20319776E8
-1.60935824E8
8.15052352E8
2.218744E8
-9.45692608E8
2.15442048E8
-1.85082144E8
-4.28102208E8
9.20469888E8
-6.55491968E8
-6.37977024E8
5.2476528E8
8.23109184E8
-3.17584128E8
-6.0752736E8
5.37676032E8
3.2536544E8
1.7171488E8
8.441952E8
-4.69388256E8
-5.55068736E8
-7.59447168E8
4.4481984E8
-2.52876256E8
2.96307232E8
-1.94465088E8
-7.52790656E8
-4.35893536E8
8.35857536E8
-5.43695552E8
-7.2878976E8
4.50870752E8
6.6026416E7
-7.5642656E7
-2.364416E8
-2.97871936E8
9.3308608E8
-1.54735744E8
-5.86334144E8
-1.57461728E8
7.60191552E8
-8.27744384E8
-4.00140608E8
-8.6770704E7
-2.76841216E8
-7.17856448E8
-5.82281664E8
8.5363056E7
2.60532864E8
-1.210631296E9
8.39806784E8
6.79874E7
-2.35846592E8
3.50166336E8
6.2133312E8
-5.2136864E8
5.2866944E7
4.77915872E8
-2.74832832E8
4.6209376E8
4.0000448E7
-9.521776E7
3.23253632E8
-3.93558432E8
1.715513984E9
-2.09463584E8
8.681168E7
-3.56453792E8
1.215321472E9
2.4071808E7
-5.35276352E8
1.242934272E9
7.86517952E8
-1.15405712E8
-1.04765984E8
-4.742608E8
-8.38204416E8
2.327757312E9
-9.14448128E8
-6.7686144E8
1.433603072E9
1.5138048E8
-1.76104032E8
4.3819552E8
1.108227456E9
3.9587648E8
1.08994496E8
1.130348288E9
-3.65974912E8
-5.24690464E8
1.12545664E9
-7.84714496E8
7.556544E8
5.51193344E8
-1.615959296E9
-5.485152E8
9.1140928E7
4.13541888E8
-1.51120512E8
8.96704704E8
2.89320672E8
8.3091072E8
-3.1648832E8
1.678193792E9
-3.7938352E8
-2.13937728E8
1.651680512E9
-1.174268416E9
3.22248256E8
-1.187378304E9
-1.909184E7
4.62249728E8
-1.150757888E9
1.73165248E9
5.46211968E8
1.27296E7
-9.78778176E8
6.30349056E8
-3.27129216E8
8.51519488E8
4.776144E7
-3.34850304E8
3.61178912E8
-1.77760512E8
1.9827744E9
-9.95771072E8
1.891472384E9
-1.550530944E9
1.251465344E9
-4.81795648E8
-1.71138144E8
9.41217024E8
-4.43271552E8
3.03778752E8
-1.953281152E9
2.36984704E9
-1.132558336E9
1.127448064E9
6.404032E8
1.311806464E9
9.4674496E7
-1.60982208E9
1.38380736E9
-1.962105088E9
1.660645888E9
-1.436313472E9
-5.45894848E8
3.72640384E8
-4.84786688E8
-1.63439104E8
9.79895808E8
-7.502336E8
-5.18458112E8
-7.37663104E8
-3.73615872E8
1.402827648E9
-4.8059712E7
-1.310517504E9
-7.25493376E8
-8.50624512E8
1.955951872E9
-8.79449088E8
-3.0737728E8
1.228120192E9
-2.249994752E9
-1.621383424E9
1.16718912E9
1.00148928E9
9.19110848E8
-1.612892288E9
2.57225536E8
1.895844736E9
-9.06987776E8
1.872556288E9
1.280885376E9
1.12454656E8
-2.60062848E9
3.21897536E8
1.320591488E9
5.78835904E8
-9.75814784E8
1.727620096E9
-4.66667136E8
-1.712350464E9
1.617742848E9
3.5450528E8
1.419290752E9
-6.60886272E8
-8.93517184E8
-3.92321984E8
1.929362432E9
-1.026772992E9
2.6516128E7
1.94025344E8
-1.934350848E9
1.06510976E8
2.61520768E8
1.95436864E9
6.0478528E8
-1.853535232E9
8.54686208E8
7.58283776E8
2.11699456E8
-5.31343616E8
1.04639552E8
1.224145536E9
-7.6345344E8
3.2486288E7
4.02612512E8
6.6821184E8
-2.268577536E9
1.634247936E9
6.76347776E8
-6.76166528E8
8.88015616E8
5.0749376E8
7.72450176E8
-6.93637312E8
3.17764608E8
1.23009536E8
-1.106063104E9
2.56636544E8
4.20926848E8
6.91750784E8
2.6035136E8
-1.20083E8
-1.161383936E9
2.56166016E9
-1.15045376E8
-8.27569664E8
2.71272E7
-6.18452416E8
-1.09320768E8
-3.9422544E8
-1.388344064E9
9.825072E8
-4.63359232E8
-1.614060288E9
2.38422784E8
-4.50382464E8
9.39145856E8
-4.17754912E8
3.66539072E8
-5.0339456E7
3.01889248E8
7.21741568E8
-3.3227456E8
-1.76876608E9
1.330041728E9
3.2522656E8
1.41613952E8
5.35733152E8
4.20156416E8
9.04845952E8
-1.060574016E9
1.9100736E7
2.5368704E7
9.68636544E8
3.30334688E8
-1.101069568E9
-8.04816256E8
1.190708864E9
-5.92395584E8
-2.90302784E8
-4.06204256E8
-3.3223424E7
1.695491456E9
-1.585248128E9
9.76923648E8
5.8980992E7
-6.225336E7
2.13687104E8
-1.338384E8
-1.78107008E9
1.855387648E9
9.07277056E8
-2.049576192E9
1.17705984E9
-6.23942784E8
8.8269888E8
2.39822208E8
1.54224448E8
-8.88019712E8
2.318208E8
-7.96744192E8
-6.19455296E8
4.80322368E8
3.78144832E8
-6.2878624E7
-1.725948544E9
1.383681408E9
2.0348784E8
-4.4692256E7
6.76747904E8
2.081296E8
-1.587077888E9
1.99542848E9
-2.304744704E9
1.33213568E9
-4.19538208E8
-1.36077824E8
1.399801088E9
-5.92210688E8
2.80962432E8
-8.67916544E8
1.838563584E9
-2.00207488E9
2.0961856E8
1.36102336E9
4.1707904E7
-1.34685696E8
3.78109632E8
3.87017504E8
-3.87356832E8
-8.63166912E8
2.86958208E8
-2.224512E7
1.5495456E9
1.6312256E9
5.7633664E8
-3.9821312E7
-3.0711552E7
7.27433344E8
-1.00383232E9
1.00648864E9
-6.09825856E8
7.16005376E8
-2.078035456E9
6.5074976E7
-2.22882432E8
3.6655296E8
9.05517312E8
-1.106022144E9
1.09437312E8
-3.89885024E8
1.55972224E8
7.79389184E8
-3.81664256E8
-4.59945344E8
-7.7783648E7
-4.65684032E8
-1644032.0
-2.82929664E8
4.04591488E8
9.57705088E8
-1.283648384E9
1.20849152E9
-2.45719104E8
2.66964864E8
-8.2455488E7
2.29718464E8
7.44018368E8
1.1626144E8
-4.84833856E8
-9.83186176E8
1.276408576E9
-2.152792576E9
3.4416128E7
6.97047488E8
-5.57817728E8
-1.180391552E9
4.05441408E8
1.503400448E9
4.07630016E8
-6.95393344E8
-4.3886592E8
5.60537728E8
1.35486592E8
-5671424.0
9.2052096E7
-6.39421888E8
-4.7661088E8
8.82297984E8
-5.86394688E8
6.46961984E8
1.50372544E8
1.18385984E8
-6.58564928E8
5.26214656E8
4.55918272E8
6.90057664E8
3.27729536E8
-4.51952512E8
-1.751724416E9
1.18657664E9
-3.72782336E8
7.18097024E8
9.47202048E8
-3.81326016E8
-1.8972096E8
1.90701952E8
-5.08991808E8
3.46719936E8
7.46897664E8
2.95562752E8
-4.64844736E8
-5.42979712E8
-1.438382592E9
8.13956E7
-5.84995072E8
-5.59987072E8
5.44728192E8
-2.60652928E8
-1.43980912E8
-9.43338368E8
4.01314912E8
1.91802752E9
-2.31395328E9
-4.07522816E8
3.93832096E8
-2.774536E8
5.24145984E8
7.15889024E8
2.260831232E9
-2.959219456E9
1.275184512E9
-5.41559104E8
-4.87455104E8
-2.20858432E8
-1.478968704E9
1.89687936E8
-1.98282128E8
-1.294328704E9
1.372381824E9
6.84194944E8
2.610036736E9
-2.003594752E9
2.153805312E9
6.89647616E8
-7.50827008E8
-1.13786944E9
-2.2813184E8
-7.46082944E8
-2.72605824E9
1.194358016E9
-4.02193248E8
8.73193472E8
1.832515072E9
9.56085312E8
-8.40518848E8
-4.4357728E8
5.17171264E8
-3.1069616E8
6.82640896E8
-1.17227264E8
-1.2710688E9
1.612518656E9
-4.78060288E8
6.71304256E8
-1.01385568E8
-1.183166976E9
7.72781056E8
1.306056192E9
-9.1877248E7
-6.85625728E8
-1.085403008E9
1.431836672E9
-1.294906112E9
-1.129437952E9
1.08013056E9
-1.354377344E9
-5.46103744E8
8.40107264E8
1.430346752E9
-1.769202304E9
6.02776384E8
5.1525856E7
-6.16137536E8
7.2619392E8
-4.40970528E8
6.83065152E8
3.91485216E8
-4.3718912E8
4.42682688E8
1.51179008E8
6.71825856E8
-8.7836064E8
1.469039104E9
8.12532736E8
2.03251008E8
-7.96438336E8
-8.7868928E8
3.2434944E8
-2.1852544E9
5.45856384E8
4.85162496E8
-1.53854464E9
-9.1774464E7
4.7071264E8
4.09817568E8
-8.51574272E8
-8.13769728E8
9.2750528E7
-7.52209408E8
1.88908224E8
-5.98914176E8
7.1211616E8
8.4307328E8
8.71128064E8
4.16794688E8
-2.78458944E8
5.92127168E8
1.20529664E8
5.50771456E8
-6.24336832E8
2.7486272E7
-1.29638464E8
2.35016224E8
-1.053921536E9
-6.9918272E7
-3.796864E7
-2.52937408E8
4.80538464E8
3.69026432E8
-6.5377856E8
-3.03075392E8
8.85044096E8
-1.2383552E9
1.73023168E8
1.208452736E9
-2.45284192E8
2.8271264E8
4.55485056E8
1.9113312E7
9.63347072E8
-8.964496E8
7.06919744E8
-7.48480704E8
-5.8622144E8
5.85446784E8
8.0912384E8
-5.54173888E8
-3.13253184E8
-1.6489824E9
-4.5816048E8
1.374209536E9
1.70899104E8
-5.60921856E8
5.34749728E8
-1.161577216E9
9.4010944E8
7.19485248E8
-8.4656352E8
1.62869056E9
-1.278684928E9
-1.79095968E8
-8.88850944E8
-3.129536E7
6.5418752E8
-2.30486112E8
-7.81255168E8
6.64668224E8
-4.1353456E8
4.73328096E8
-9.1094208E8
-5.509664E8
-2.77264576E8
1.56801536E9
4.24326944E8
8.11326464E8
1.09982256E8
2.96576928E8
2.29522656E8
8.196016E8
-1.59193248E8
7.5175176E7
-7.14404608E8
1.340818304E9
-5.8402432E7
3.14725536E8
-4.96508256E8
3.4740224E7
-9.202592E7
-1.368618368E9
2.6651136E7
2.135661312E9
6.4538432E7
-1.211599104E9
2.25573984E8
-4.18840832E8
6.68742912E8
-3.47927168E8
7.79337216E8
-8.84704192E8
4.12868448E8
-3.85328448E8
8.70653696E8
1.013180544E9
-9.8410048E8
6.27437056E8
-4.05275776E8
-4.33750848E8
1.363790848E9
-2.98165344E8
6.18544256E8
-7.86204096E8
1.848238208E9
-1.020013248E9
-3.27147392E8
-5.1494048E7
7.2781952E7
2.06416064E8
-9.1857344E7
1.386157056E9
-5.15162208E8
-1.58834688E9
9.65839296E8
-7.0087616E7
1.20534624E8
-9.3313632E7
-4.26608768E8
-9.7893248E7
-1.26071456E8
3.0506208E7
-7.78391808E8
1.097262848E9
-9.18654528E8
-1.16099712E8
-1.64310272E8
-3.04924416E8
1.69274752E8
-1.2533744E7
-6.58284352E8
9.28334976E8
-7.9517312E8
1.167964928E9
6.98840832E8
1.095624E8
-1.36225792E8
5.75340096E8
-1.2623552E8
-2.54949248E8
-1.96763392E8
-6364608.0
-1.58230272E8
3.58771744E8
-5.88455296E8
8.38972032E8
-1.17418688E8
5.81069696E8
-4.30961536E8
8.01615168E8
2.6172464E8
-9.9818624E8
7.96528896E8
-7.75795584E8
-6.79985536E8
-2.5989528E7
-9.1721408E7
2.57976976E8
-1.222596352E9
6.64531712E8
7.210592E8
2.37858528E8
5.8955904E7
4.8947808E7
2.63709504E8
4.66579008E8
-4.19086016E8
5.49812864E8
-4.2078624E7
-1.045421504E9
8.92839808E8
-3.1202976E8
2.96251616E8
-1.021925824E9
1.88828624E8
-6.147632E8
8.6106624E7
1.17585472E9
-3.77953696E8
-1.61290976E8
1.9324E7
-5.9572736E8
5.08304896E8
-2.47225984E8
-1.142185344E9
2.50801776E8
-2.55433984E8
-9.8302528E7
8.92732672E8
-1.37210208E8
-4.55085056E8
-6.2185216E8
7.45910528E8
2.50989888E8
-4.69068096E8
-4.76597184E8
-3.79215808E8
-8.18647808E8
-3.04295136E8
4.41080256E8
9.30240896E8
9.65347392E8
-3.22077184E8
-1.12707872E8
-1.041537664E9
1.1044128E8
2.01479904E8
-6.18597568E8
7.64032384E8
-5.10902176E8
-3.74905344E8
-1.25888128E8
-3.07770176E8
3.91661888E8
2.68733056E8
-7.69989376E8
-4.1356192E8
-5.33194848E8
-6.70826944E8
1.26667744E8
1.86239296E8
-6.12244864E8
5.7310336E8
3.9637616E8
8.10100224E8
1.033998336E9
-6.090448E7
7.810528E8
1.29591712E8
3.82015776E8
2.3839984E7
-9.90006592E8
-2.4372544E8
3.04269664E8
5.81463232E8
-8.73084224E8
9.0687232E7
-8.27139392E8
1.75895328E8
-4.60850304E8
3.9210544E8
7.12717376E8
-1.132999936E9
-3.64388416E8
5.08071296E8
-3.87796832E8
-3.54264224E8
1.44043648E8
-4.8743248E8
-4.91727808E8
6.55104512E8
-5.49644544E8
-7.8508464E7
8.3977952E7
-2.89849664E8
1479520.0
5.25368448E8
-6.07194816E8
5.14659968E8
-7.3148928E7
-1.074139008E9
8.12096E8
3.91791872E8
6.18355072E8
-5.66687808E8
-3.86058752E8
5.86563008E8
4.18987136E8
2.4560768E7
-6.50595264E8
3.01258816E8
-9.0651264E7
-5133184.0
1.033463296E9
-1.01056672E8
-7.00969984E8
-5.1681312E8
7.06979904E8
3.98384096E8
-1.71838768E8
-5.95389952E8
-3.921E7
-8.45209088E8
5.8866496E8
9.252576E8
5.97438976E8
5.98865984E8
-1.199788544E9
2.11095584E8
-2.68572288E8
1.42088992E8
1.59652544E8
-2.1106752E7
-4.50337216E8
2.1656512E7
4.77592768E8
-2.43794112E8
5.82575872E8
-2.00226848E8
-3.0743936E7
-7.414528E8
-5.69907008E8
1.2030904E8
-1.9470944E8
4.7879936E8
4.23634176E8
-2.72248E8
-5.3362208E8
-2.43751168E8
-1.42034768E8
-3.5467936E7
-3.05272E8
1.7232E7
9.516752E7
-3.94617792E8
-4.85950272E8
7.64924736E8
4.37527584E8
-2.6858352E8
3910016.0
-3.86684736E8
4.49741696E8
-5.1514016E8
6.88200768E8
8.722512E8
-1.14169792E9
2.1831968E7
-5.8198592E8
-2.62917792E8
-6.1006944E7
1.46697184E8
-6.17448E8
4.51997376E8
6.31718656E8
5.45800896E8
3.95370176E8
-3.50554688E8
9.4958592E8
-2.63332544E8
-3.1590352E8
5.19784352E8
2.25020832E8
-1.24771712E9
6.26299392E8
-1.0566608E8
7.19064064E8
-9.07931264E8
-4.45110656E8
1.2364112E7
6.61393792E8
-5.42022016E8
4.783592E8
-7.4391936E8
-2.47588288E8
-5.79863296E8
8.69560192E8
4.08121376E8
-5.6224832E7
-5.42511488E8
-5.6649792E7
-1.88153184E8
-4.25413632E8
-4.10416704E8
-3.7374944E7
-2.3677632E7
-2.82284032E8
1.38425824E8
8.3973664E7
1.75852192E8
-1.3995552E7
-5.12869184E8
-9.7350848E7
3.4134272E8
-2.266648E7
-6.29180928E8
3.93330368E8
1.30908544E8
-1.31824768E8
-4.01330528E8
5.33965888E8
1.29847952E8
-7.6627776E8
2.71427904E8
2.61749376E8
1.054775552E9
-1.29576192E9
4.64603296E8
-2.96521472E8
-2.022632E8
1.32510304E8
-3.61453184E8
-8.03047936E8
-2.91871808E8
3.57200768E8
5.27686496E8
-6.38532992E8
8.36144576E8
-2.81422112E8
-2.5637664E8
-3.11878208E8
-4.0141984E7
5.06213504E8
4.34884576E8
-1.34266624E8
1.26180736E8
1.532164E8
1.14618736E8
-1.76872256E8
3.27640896E8
3.25435008E8
7.0429344E7
2.06636928E8
-1.88040672E8
1.162031104E9
-1.20823424E9
-1.04062784E8
4.1658432E7
5.88604928E8
-8.04401664E8
4.93367392E8
3.75998848E8
4.04066848E8
-4.35477376E8
2.12305728E8
-6.5969632E7
8.36685184E8
1.7565512E8
3.02488992E8
-3.61886304E8
-1.27561104E8
1.44991264E8
4.96499808E8
1495952.0
6.32983168E8
-9.43352576E8
2.68215552E8
5.07732544E8
4.75902528E8
-1.3295312E7
-6.3500096E8
-7538976.0
-2.27166528E8
-7.04466304E8
5.179424E7
3.08270496E8
-5.088416E7
-4.97768672E8
8.86872064E8
-5.7480608E8
-1.181555456E9
-4.73775584E8
3.04863264E8
5.357792E7
1.7136192E7
5567872.0
-1.30486784E8
1.9252256E8
1.1325952E8
-1.75291936E8
-5.393936E8
-5.18029952E8
3.24628E8
7.06551552E8
-2.838832E8
1.9271696E8
-8.46867904E8
-1.39670272E8
7.37995008E8
-2.4693952E8
4.64973248E8
-4.9780864E8
-1.12033344E8
3.5578224E8
1.05753312E8
6.66921728E8
1.28090304E8
2.15472192E8
1.37296192E8
2.05001424E8
3.95926656E8
-6.9306624E7
2.08581376E8
3.02107008E8
5.2257376E7
-3.09995232E8
-2.74023104E8
3.67597344E8
-4.73489408E8
-6.78570048E8
6.111728E7
-7.6621696E7
-4.9574128E8
-1.538412288E9
2.66548384E8
-2.80169856E8
-5.23333376E8
3.13268E8
2.32848512E8
-4.3561024E8
5.2682064E8
3.18161472E8
-1.36246912E8
2.52935792E8
-7.9853344E8
4.97572352E8
-2.34167904E8
-2.2381216E8
7.61308736E8
3.31637888E8
-9.582848E7
8.12207744E8
6.83760448E8
-2.20711072E8
2.49895808E8
-3.09668128E8
5.87344384E8
1.90479872E8
-7.06286208E8
-9.46745344E8
1.860912E8
6456912.0
-1.3840224E7
-2.54012864E8
9.84028928E8
-4.52468096E8
9.34678464E8
3.44074944E8
-5.752992E7
-1.92634944E8
-1.476548E8
5.31382592E8
1.422908E8
-3.84629792E8
-5.1853792E7
3.42907904E8
3.1306432E8
4.81692736E8
-2.53876448E8
6.8896E8
3.01434464E8
-8.4798944E7
1.065863808E9
2.00782784E8
3.0217728E7
-2.00311712E8
3.84796096E8
3.25377024E8
4.3125888E7
1.50614512E8
8.1792608E7
5.27364768E8
-4.97821152E8
2.1417424E8
-1.267401216E9
8.65953152E8
-3.323312E8
1.9135856E8
3.49046336E8
2.16380352E8
-4.36595456E8
2.445056E7
-3.26297536E8
1.10749376E8
-2.25251552E8
4.70605312E8
-3.42620672E8
-3.129552E8
-5.4154592E8
2.14855328E8
-1.51156032E8
1.28351168E8
-2.79208992E8
4.05686816E8
-1.61806368E8
-2.87668032E8
-3.1047808E7
9.51523072E8
-2.02268512E8
-4.74376512E8
5.00498912E8
-6.74285952E8
6.0007744E8
3.54953536E8
-2.6375344E7
3.6726704E7
-5.10348864E8
-6.141728E8
7.28949248E8
2.4329016E8
-3.45595328E8
9.5919072E7
3.19145152E8
-4.45184064E8
3.290224E7
2.87277312E8
6.84976768E8
-3.97985504E8
1.8767616E7
-4.61647712E8
1.41209664E8
-5.3526496E7
6.11898176E8
1.25719504E8
8.19533504E8
8.78213888E8
1.7498688E7
-5.07226848E8
4.23720544E8
4.67547584E8
-4.62505632E8
2.680424E7
2.30635328E8
5.88928384E8
-1.0152208E7
1.256816E7
-9.7691392E7
2.8530912E8
-3.59947712E8
1.7282608E8
-3.22082304E8
1.05370592E8
-4.45390592E8
-4.89971456E8
2.2083496E8
5.7876928E8
3.141664E7
-9.4667936E7
-3.2478576E7
7.72821376E8
-7.03611008E8
-9.213956E7
3.89357408E8
4.14043904E8
-1.84426464E8
-4.38833568E8
-5.27957504E8
5.5447488E7
-4.96907456E8
8.02019264E8
5.01350944E8
1.9805344E7
-3.81168E7
-6.8341248E7
-3.40242784E8
-4.2424368E8
-1.022512448E9
-4.9285888E8
-4.17311616E8
-1.0223392E8
2.10212864E8
4.09070144E8
1.16971408E8
1.70667264E8
-2.78335968E8
-3.2395968E7
6.6058296E7
6.87373952E8
-9.1689264E7
-1.7555208E8
-7.57967488E8
3.58957504E8
-3.3234112E8
3.9267008E8
6.2005888E8
6.71600704E8
4.2991232E8
-3.67292288E8
-3.89229056E8
-1.201251072E9
4.69169472E8
-5.62991232E8
-1.11218072E8
-5.73689792E8
1.3107744E8
-8.9371936E7
2.82487872E8
-5.06352288E8
-3.69865344E8
3.8554384E8
-2.42554832E8
1.6947296E8
1.61465472E8
-1.65577792E8
2.12650176E8
-1.28127968E8
5.99455488E8
-4.43704064E8
-7.8384768E8
-4.82644032E8
3.25944224E8
1.18070896E8
2.70270976E8
-3.23986112E8
4.58733088E8
-4.5472128E8
-9.70868608E8
-3.0708816E8
-1.98214992E8
-3.61490976E8
-1.10226944E9
2.978208E8
3.14256992E8
-3.66622048E8
1.5241584E8
6.63204608E8
-8.9456432E7
1.92597184E8
7.3487232E7
3.9223056E7
5.06313472E8
-3.5362416E8
6.58142848E8
-3.15568384E8
-4.56603136E8
-1.41837088E8
4.56490944E8
3.97571264E8
5.83248512E8
2.4388608E7
2.40317056E8
8724192.0
3.7058144E7
-8.8305344E7
-2.21862032E8
3.87453824E8
-3.16674624E8
-1.11793384E8
2.45342848E8
-5.554288E7
-1.02651616E8
7.77845888E8
-3.73076928E8
2.75946944E8
5.39419392E8
3.5680992E7
-8.6832968E7
7.6854688E8
5.61161216E8
-1.130969344E9
-6.3101248E7
8.95669376E8
-5.54851456E8
-2.34843008E8
2.910264E8
1.313398E8
-2.92093056E8
-1.49333312E8
3.22489792E8
5.986016E7
-7.3849728E8
-7.44595136E8
7.09709376E8
7.07724672E8
-1.50623424E8
4.80886592E8
-4.294424E8
1.00731904E8
5.05981504E8
1.04839104E9
8.99776E7
-5.21681312E8
-2.6547712E7
-6.70923392E8
-3.0562752E7
5.44654016E8
2.3628248E8
2.1999008E8
-3.09122976E8
1.320328E8
-8.707264E7
-2.49860128E8
-2.04793536E8
-2.90110592E8
1.66094976E8
3.48292288E8
-9.7278784E8
-2.78468768E8
-1.4975568E8
-3.82120896E8
-9.19768896E8
-7.9657248E8
-2.38180128E8
-1.3804368E8
2.69040704E8
7.96250304E8
-1.124324E8
4.79044992E8
-1.389376E7
-7.2934784E7
9.6487136E7
-9.19686016E8
4.3304E7
-2.82093568E8
9.0601344E7
1.73158E8
-1.16110112E8
-1.36919376E8
-7.9813744E7
6.18714304E8
-4.622504E7
2.5448608E7
-3.71733696E8
6.36921792E8
-3.2294656E7
1.34953696E8
5.96158016E8
3.33669536E8
-3.40287232E8
1.14431008E8
-5.0088768E7
-4.0017408E8
-3.0211152E8
-2.68862304E8
4.29073696E8
2.50404E8
5.9368896E7
-1.17720096E8
1.98265632E8
-4.13261184E8
-3.9564992E8
-1.56573344E8
3.90575424E8
2.499248E8
1.989088E8
8.1740128E7
2.59908032E8
6.93971456E8
4.1583664E8
3.42882624E8
3.48223744E8
4.17296128E8
-4.83978048E8
-1.04985504E9
1.17311744E8
3.10987168E8
-4.28153024E8
4.38396352E8
-4.93940224E8
-1.1277344E8
-2.00934656E8
-2.13586976E8
-4.61093376E8
3947808.0
-5.93724096E8
5.5180928E8
6.40311808E8
-7.8493664E7
-2.5917472E8
-4.56535104E8
-5.04548896E8
-5.98573824E8
4.38056224E8
-2.2959344E8
-9.2043552E7
-3.0279648E8
-9.97429888E8
-1.15724384E8
-6.8894848E8
-6.11804096E8
4.97672064E8
-1.62499136E8
-1.22030144E8
4.3299168E8
-1.27161008E8
-3.43808384E8
2.2908584E8
6.27815168E8
3.99837504E8
4.1977088E7
1.7193216E7
1.8632392E7
-1.117551616E9
3.73844224E8
2.93080832E8
-1.35061536E8
1.36744768E8
-6.66604864E8
3.3710912E7
4.42145088E8
5.031536E7
1.65466336E8
5.91169152E8
-1.5948768E8
-7.0230368E7
-8.987488E7
-5.9583072E8
5.75279232E8
4.27697792E8
-5.8503264E7
-3.46457408E8
4.68739168E8
-1.20675744E8
-6.7760896E8
2.4253728E7
1.31469672E8
1.041124928E9
3.28372096E8
-5.907936E8
7.20166656E8
-1.87759936E8
1.9625048E8
-5.40187392E8
-8.132104E7
2.58280576E8
4802064.0
-3.77559552E8
-3.70611296E8
8.0832448E7
-2.10468736E8
1.1246528E7
1.34361632E8
7.5815488E8
-2.91405312E8
-1.18891712E8
-7.04646784E8
-3.665936E8
-1.86514624E8
-3.74697056E8
-8.9536312E7
5.66014848E8
-6.12859392E8
-9.027232E7
8.8761312E7
-6.489432E7
-7458464.0
-6.32833024E8
4.39020864E8
5.35382752E8
-6.54276352E8
-6.56703168E8
-6.03302592E8
3.81868E7
6.86776064E8
4.099072E7
1.55623936E8
1.60178144E8
-1.41896448E8
-1.75401152E8
1.69987968E8
4.89710464E8
-6.7424768E7
5.52242432E8
4.9044384E7
1.25473088E8
6.66853888E8
2.52150912E8
-2.90964896E8
5.04904512E8
6.36951424E8
-4.30664512E8
1.58884512E8
2.41401472E8
-4.28398272E8
6.26499072E8
1.44922512E8
-3.36542624E8
1.88305472E8
-3.10856096E8
-4.74171456E8
8.666656E8
3.19306944E8
-3.17868032E8
-6.19956352E8
-1.07234048E8
-8.3474672E7
-3.25128E7
-6.37499776E8
1.68413376E8
9986192.0
-1.81501056E8
-1.84157504E8
1.31452704E8
1.91331712E8
4.85282368E8
-9275504.0
7.35497472E8
4.21349952E8
-7.2203392E8
-4.258608E7
2.86646016E8
2.98393728E8
-2.52504128E8
2.73089728E8
-4.24099328E8
-2.43484416E8
4.67418688E8
3.73088608E8
2.6182288E8
-8.3844992E8
-4.98721504E8
1.65729296E8
4.43011776E8
3.15914624E8
-1.50309584E8
-1.37480256E8
3.5722368E8
5.08673088E8
-3.5825936E7
-6.06960128E8
1.47425984E8
3.84542656E8
3.12813344E8
-4.21515776E8
-2.4475584E8
3.90538112E8
3.69613152E8
2.86683552E8
2.1989536E7
1.95749936E8
-1.4616928E8
2.84972672E8
4.85433792E8
-2.4330216E8
4.93528E8
2.151388E8
4.1691856E7
5.44341632E8
4.78297536E8
-5.23322016E8
3.53410464E8
4.0388928E7
-1.92146336E8
4.90407168E8
-7.9689568E7
-4.1130368E8
2.9364384E8
-2.9913728E8
-4.1810624E7
5.2092896E8
2.007488E7
4.5704512E8
4.54455168E8
-1.83262848E8
-2.11786688E8
-2.24614336E8
1.82398272E8
-3.93566976E8
-7.03466496E8
-5.90496768E8
1310880.0
1.9587368E7
7.0077184E8
-1.03696048E8
-2.5665712E8
2.26060592E8
7.2667392E7
6.0141504E8
-5.32555008E8
-1.77302944E8
-2.83097152E8
9.2209152E7
3.3779488E7
-4.47480768E8
-3.31444E8
2.42000608E8
-7.71807552E8
8.77612096E8
9.44241984E8
-4.84823168E8
3.68618144E8
5.7068416E8
-3.93764032E8
2.68577536E8
-4.1632128E7
6.97933568E8
7.421856E8
2.98189184E8
6.90624E8
1.61910784E8
-5.82640128E8
-2.3450112E7
5.36286592E8
7.0812544E8
2.51059424E8
-5.07027296E8
3.69486848E8
-2.32463168E8
1.94553824E8
5.73042688E8
2027488.0
-7.42055424E8
-3.12644E8
1.02630656E8
6.00537408E8
1.96607136E8
-6.42066944E8
8.10904E7
1.133429504E9
3.89657536E8
-9.66007104E8
-6.60161152E8
1.81902816E8
-3.53993696E8
-4.44866496E8
-2.18742144E8
2.5264256E7
4.4792864E7
3.47940736E8
-7.0866944E7
3.05407232E8
5.21658944E8
-5.393248E8
-2.69064736E8
-5.86079104E8
2.71455104E8
1.82198656E8
-3.54768736E8
4.37250816E8
-3.15313984E8
7.0848832E7
-9.8059632E7
4.82475968E8
2.41115872E8
-1.67735712E8
-2.60154144E8
3.70343008E8
1.38704448E8
3.0973984E7
-5.1691712E8
3.43542144E8
1.62197568E8
3.56457248E8
-2.90469632E8
2.2001632E8
5.860224E8
-2.3487104E8
5.68555136E8
3.93851072E8
-1.20166464E8
-3.266736E8
-3.08059488E8
-4.07331328E8
5.74526464E8
5.14337024E8
1.30770944E8
5.68425216E8
7.1735424E7
3.8859296E7
-4.64478592E8
4.33429632E8
8.4766784E7
-7.0501728E7
-7.77027328E8
1.57164672E8
-4.06933728E8
3.88713568E8
5.9566304E7
5.46905664E8
-1.229106176E9
4.25504928E8
-5.12010528E8
7905080.0
5.8612224E8
-4.2717344E7
3.45664448E8
-1.60519136E8
3.59072736E8
5.06948E8
6576512.0
6.28208128E8
-1.77790592E8
5.49335808E8
-3.7034032E8
-4.82074752E8
-3.78517696E8
-3.68998528E8
9.00451968E8
1.036967808E9
1.43495872E8
-2.04737856E8
-6.08375296E8
5.39326464E8
2.59602592E8
-2.68679872E8
1.48783488E8
-1.98053936E8
8975216.0
-2.25233104E8
-2.73610496E8
-2.75974784E8
2.57109808E8
-3.6361776E8
-5.78405056E8
-2.57196992E8
2.6572768E7
4.92243904E8
-3986784.0
-4.70067104E8
4.17591104E8
-9.3031616E7
-3.380944E7
1.75476992E8
-2.83704672E8
6.03319552E8
-2.44538848E8
-7.8718336E7
-7.1009696E8
1.78624448E8
5.8078688E7
-1.27956704E8
-4.1334048E7
-2.75088E7
-1.63579776E8
9.45408384E8
-2.8510256E8
9.97224128E8
-2.68510272E8
1.75646672E8
-2.91290752E8
-7.11294144E8
-2.3744448E7
8.4300768E7
1.37153984E8
5.06815968E8
9.2605984E7
-4.4773088E8
-2.24751424E8
-2.14128512E8
-2.64484992E8
3.4046368E7
1.21814656E8
3.75997664E8
1.6231224E8
-6.8963616E7
-3.1590608E8
-5.61427264E8
1.05779328E8
8.38835328E8
5.5908928E8
3.39491392E8
-4.29057536E8
-7.92996736E8
-5.61215616E8
3.71641856E8
1.20871488E8
-2.50233152E8
6.26105088E8
-3.82050208E8
2.53608096E8
-5.31938976E8
-1.08451624E8
-6.73247232E8
-6.24547008E8
-4.47427104E8
-5.68826816E8
-4.4543072E8
1.88587712E8
8.46906304E8
-3.9436016E7
2.83201728E8
-5.70064384E8
6.671776E8
-4.87228608E8
-7.06232768E8
-1.3769536E7
1.4679728E7
-2.7776224E8
-4.42832352E8
-4.2932848E8
1.03800576E9
5.537232E8
4.03857536E8
-3.4455232E8
-3.0912064E8
-3.60605504E8
5.16833888E8
-6.21101568E8
-9.14914048E8
-4.95207424E8
2.6316288E7
5.6891328E8
1.0406144E7
-6.79069952E8
8.18697344E8
4.69163424E8
-7032688.0
-2.39366112E8
1.41745744E8
1.0921296E8
-2.12404032E8
-6.43108992E8
4.20136E8
-4.72125024E8
-3.83790176E8
3.39407616E8
7.66057536E8
-3.94165728E8
4369248.0
6.04101504E8
7.4389952E8
-3.64379072E8
7.76730624E8
-5.2605056E8
-2.93387008E8
3.27925888E8
-4.69232896E8
-4.12376512E8
3.047296E7
3.66423104E8
-1.95419632E8
9.74171776E8
7.76201408E8
-4.90981792E8
-2.3157152E8
-8.2806928E7
1.05718496E8
-1.1068672E7
3.20891936E8
2.18884816E8
-2.09951872E8
1.1982656E8
-7.1907392E7
3.40273664E8
-7.21915264E8
6.55411008E8
-5.39539328E8
-6.30328896E8
-7121184.0
-8.5125824E7
9.0415296E7
2.46348096E8
4.94893696E8
-4.08866976E8
-2.6694944E8
-1.14023936E8
6.9788576E8
-2.85157536E8
-3.58556608E8
-2.75490112E8
-5.4536032E8
1.3050208E7
-1.91374816E8
1.77238176E8
-4.9277952E8
6.0098496E7
-5.19693376E8
-3.04555552E8
-1.40262848E8
4537856.0
1.2893072E8
-2.6424432E8
6.65056448E8
-4.27230464E8
-3.36779136E8
1.22490144E8
-8679968.0
5.26399808E8
5.95681536E8
-1.11960352E8
-5.2945344E7
-5.01266816E8
5.1288E8
4.01514624E8
-9.76081408E8
-5.35828256E8
3.4256272E7
4.66340224E8
9.6708704E7
3.7112656E7
2.9645776E8
-3.87539904E8
-2.21622368E8
-1.58782E8
-1.39251968E8
-4.0530864E7
5.62637376E8
4.87740032E8
-9.0431648E7
2.62925952E8
-1.78840528E8
-1.58664176E8
1.3703552E7
-6.39471744E8
8.5516384E7
5.6645144E7
-2.8304752E8
1.7979656E8
5.53041792E8
-6753440.0
-4.1325504E8
-4.30257248E8
5.14765344E8
2.37858976E8
1.06883232E8
2.22939712E8
-4.13400384E8
4.08408672E8
6.9827136E8
6.5408032E8
9.8926912E7
-1.76527488E9
2.88159456E8
3.4767664E7
-2.223572E8
5.84043904E8
-3.0697024E7
-4.58033472E8
-4.12443584E8
2.62594368E8
-5.9810816E7
-6.080316E7
-1.253132288E9
1.6253176E8
-2.3729008E7
-4.06935168E8
5.97434496E8
-2.75531296E8
3.11768512E8
-3.74880288E8
-5.55515136E8
6629320.0
-3.62822976E8
-6.644416E8
5.7111456E7
3.54805632E8
-1.95032736E8
-1.3076624E8
1.4793584E8
1.855292E8
2.11753104E8
-1.86372288E8
1.03764208E8
2.431416E8
7.8860512E8
1.4064576E8
-3.03377408E8
-7.1421184E8
3.19117344E8
7.59693376E8
-3.94188448E8
1.2337696E8
-2.8392064E8
6.04343808E8
1.366912E7
-8.697072E7
-2.08586368E8
3.38252672E8
-2.13915296E8
3.01568576E8
1.62540416E8
-7.9602656E8
1.88857824E8
-4.70768832E8
7.16215744E8
-8.56419392E8
-7.36395456E8
-4.724416E8
-3.71336E7
-8.50222208E8
9.0501936E7
-5.25214432E8
1.8076496E8
2.12997344E8
-4.12023648E8
2.7880448E8
-1.39508128E8
-4.15241024E8
-5.64277056E8
8.76010752E8
1.3387328E8
1.43689792E8
3.36479744E8
-2.24547792E8
-3.97590784E8
7.24125568E8
-1.67238336E8
9.14332544E8
-4.77843392E8
-3.86361792E8
4.59270112E8
2.10584576E8
-1.17251776E8
-5.34295104E8
-5.6881472E8
-1.927192E7
1.3414384E8
1.31311152E8
6.20120896E8
6.39040832E8
1.90766448E8
9.6169056E7
3.43229344E8
3.79464224E8
-3.91274624E8
-1.1046336E7
1.9842568E8
4.29712896E8
-3845248.0
-7.1440896E7
4.50719424E8
2.76999808E8
-2.7473472E7
2.80785536E8
-1.50709696E8
8.7608512E7
-1.86683648E8
-6.3029376E8
1.73458592E8
3.599856E8
7.2964224E7
2.97384256E8
6.39096192E8
5.24154848E8
4.6276288E7
4.7248704E7
1.41682544E8
4.85237376E8
2.69039328E8
-1.50324576E8
-5.58892672E8
-9.4632096E7
5.25098688E8
5.89315328E8
2.77761792E8
-3.76920768E8
-1.44373344E8
-8.79707648E8
-4.97134336E8
6.20918144E8
4.69139648E8
-3.75637536E8
-4.87178976E8
1.1311232E7
1.6039152E8
-1.09827224E8
-9.1789808E7
-1.55919968E8
-6.4238528E7
1.2903456E7
-6.1661728E7
-2.2188896E8
-1.53663056E8
-4.9965664E8
-1.526784E8
2.40005344E8
-3.61264256E8
-7.44081536E8
7.2979056E7
-5.843296E8
4.207536E8
-9.64038912E8
2.7953056E7
3.8723104E8
-3.94838784E8
4.67388864E8
5.44276352E8
4.92520416E8
-3.56777344E8
-1.32659584E9
5.52205312E8
-2.59036736E8
3.02965376E8
-4.37744448E8
2.45848E8
4.29938752E8
-7.05686848E8
-2.07913504E8
8.02376768E8
-1.055290368E9
-3.5143664E8
-1.67596576E8
6.79698048E8
-6.03592832E8
3.63554688E8
3.91883552E8
2.97759744E8
5.5115776E8
-5.62524672E8
6.50582592E8
-1.36267472E8
-1.62797344E8
5.327848E7
3.6589408E8
-1.5805472E8
2.34899328E8
4.63573888E8
-8.7290336E7
-4.26717376E8
1.06282208E8
-5.15741056E8
-1.21101648E8
-9.77542464E8
-7.12793728E8
1.65923744E8
-2.73582624E8
5.1776592E7
-5.65012864E8
1.27157696E8
8.71840064E8
-6.84464192E8
7.2994544E7
2.4405016E7
-2.76853568E8
-7.5145536E8
-1.46797728E8
-1.34571456E8
1.93353376E8
-1.235648896E9
-6.981104E7
3.74370944E8
-4.836656E8
-1.94873424E8
-2.7863296E8
-6.64607744E8
-2.01285568E8
-2.94163776E8
-5.49146368E8
4.80753728E8
-9.69748096E8
1.65222336E8
5.38767232E8
1.8323952E7
2.45375232E8
7.5509376E8
-3.689248E7
-4.45763872E8
-4.7271568E8
-3.74036992E8
-1.87821584E8
4.72289792E8
1.15727616E8
6.6784256E7
-3.42310272E8
3.19667072E8
3.68766912E8
6.23041408E8
1.44520064E8
2.78113984E8
-4.5109808E8
5.99881728E8
-3.17974848E8
1.21211272E8
-2.40865536E8
-7.04930816E8
-3.79626944E8
9.43860032E8
8.6079808E7
1.169212544E9
-1.185083264E9
9.90477568E8
4.2009008E8
-2.40724992E8
1.306394E8
5.09177248E8
1.38409568E8
8.220656E7
-1.8902368E8
-1.3653024E7
-3.34848384E8
1.51805152E8
-1.44584608E8
-6.90566016E8
1.55528832E8
-6.47418048E8
-2.06784224E8
-4.03150784E8
9.41569344E8
-2.63389488E8
-3.21219648E8
-3.68755904E8
-2.10774336E8
3.19766304E8
-2.05543792E8
-2.03756096E8
7.21476608E8
5.41669888E8
8.018528E8
-4.52277696E8
1.50751888E8
-3.76644512E8
4.61451584E8
-4.80749056E8
4.23309184E8
-7.09943424E8
-1.96998928E8
1.39833728E8
3.89236928E8
-7.35893696E8
-2.25218624E8
-6.85411264E8
5.33341472E8
-4.9835984E8
1.81711216E8
-1.8983952E7
2.5857832E8
7.52771776E8
2.9642E8
-5.27281664E8
3.81154048E8
-4.40005824E8
4.27615424E8
4.00611232E8
3.17634464E8
-4.18235328E8
-5.1496384E7
3.420512E8
-4.7096192E8
-5.0193424E8
-6.7514048E8
2.73261216E8
3.96256224E8
-3.2043328E8
-3.23941376E8
-6.8735584E7
-1.34528E8
-2.97568576E8
-3.59434368E8
9.22609664E8
-6.96260992E8
8.05222528E8
-2.11103776E8
-7.1376032E7
8174176.0
-6.5233408E7
-4.11260032E8
-4.75339008E8
-4.92698112E8
8.202144E8
-6.19125888E8
-8.8478592E8
-2.19376512E8
-4.39457152E8
4.79464064E8
6.84212224E8
3.003664E7
-9.6409344E7
-3.41438656E8
-1.88975872E8
-4.43417856E8
8.64710848E8
-5.58558656E8
4.77781376E8
3.010832E8
-2.0312208E8
-2.71490432E8
3.48393216E8
3.04786112E8
2.3884208E8
-7.11310976E8
7.64136832E8
3.73945184E8
3.53906784E8
-3.53126592E8
5.2956032E7
-5.2339456E8
-2.35833216E8
-3.0802256E8
-1.60725024E8
6.4764608E7
4.23975296E8
2.00422864E8
-6.02932992E8
9.0274432E8
4.21000064E8
-5.63204352E8
3.79396288E8
5.53068544E8
-5.60007296E8
4.51251968E8
6.0625456E7
2.09661584E8
-7.75906816E8
-5.2030016E8
7.252096E8
-6.72976064E8
8.90570368E8
1.161196544E9
3.35533888E8
3.57292512E8
-1.028698368E9
7.30129536E8
5.0148496E8
2.60128E7
5.08149024E8
-1.0001728E8
-5.010192E8
3.36496544E8
-2.19934144E8
4.52020928E8
-1.163216896E9
5.84858304E8
2.43361344E8
-2.26193136E8
8.641568E7
-1.47807488E8
6.1606624E7
2.28663136E8
-7.21338624E8
2.99701056E8
4.15207936E8
-1.1717408E8
7.09806592E8
2.0028416E7
-1.87837792E8
-6.9884288E7
-5.79308288E8
-2.1783456E8
-1.3510848E7
-4.0738432E8
-2.85177152E8
5.94233472E8
5.96481792E8
4.18056032E8
-3.03346368E8
1.35114784E8
5.1563744E8
3.52008864E8
-8.4904192E7
-9.27176832E8
-8.297272E7
-1.92438448E8
-1.2481184E8
-2.22723776E8
1.392599296E9
-4.30362048E8
-1.47479488E8
-3.78418368E8
1.109965952E9
-4.2362184E7
4.46793664E8
-5.37094E7
-2.81083968E8
-8.48756032E8
2.00901952E8
2.07607072E8
5.87220992E8
-1.38088192E8
9.19642752E8
-4.730832E8
6.70738048E8
-2.3136848E7
3.61175136E8
4.01585984E8
8.4409968E7
-7.9966304E8
-8.15804672E8
-4.26976896E8
5.14627744E8
-6.83746304E8
5.87842752E8
-1.02669568E9
8.6963936E7
7.2957904E7
2.27762496E8
2.79409248E8
-5.10652416E8
6.86020736E8
-4.57339936E8
-9.92124288E8
1.158006272E9
-4.66479648E8
6.07363008E8
-5.7302464E7
5.15659296E8
-4.02120128E8
4.95308736E8
-2.24141792E8
1.15965632E9
4.37996384E8
-2.4338664E8
5.00765696E8
3.3143296E8
1.84340416E8
-1.052223232E9
1.58814208E8
1.5604776E8
2.5866416E8
-4.98880864E8
4.77889536E8
5.2403328E8
-5.86919808E8
-3.86525568E8
-2.457872E8
1.058827712E9
2.28812032E8
1.54365952E8
4.1861344E8
-6.55135488E8
-2.38307072E8
-8.5694656E8
9.6996E7
-4.01591936E8
1.65968704E8
-3.0020416E7
-2.06269504E8
-2.76079872E8
8.9910336E7
-2.0433288E8
1.14422592E8
-5.8609888E7
3.12495168E8
3.05302784E8
7.2076608E8
2.24262256E8
5.90699712E8
1.59592256E8
2.84868672E8
-5.0995968E7
6.9818944E8
-7.81398784E8
3.5353248E8
-1.264070528E9
2.6947744E7
1.9212384E8
7.28658624E8
1.80542336E8
-1.54686816E8
8.6668416E8
-2.5714848E7
4.85646656E8
-2.1204528E7
1.86640032E8
-6.1058688E8
5.48651584E8
-7.47149376E8
-6.02630528E8
9.26830208E8
2.36732032E8
-6.13326976E8
1.42339424E8
-1.2469792E7
4.2306128E8
1.6559744E8
3.55656128E8
9.20745984E8
-8.20751552E8
-2.17453952E8
-1268480.0
1.16510064E8
-3.79265312E8
-5.91587968E8
7.8246272E8
4.6942016E8
4.3998656E7
5.69283904E8
3.82322176E8
-9.9018384E7
1.90114432E8
1.05901472E8
-4.88042144E8
2.45266368E8
-3.77524224E8
1.41211456E8
1.73437696E8
-2.94153792E8
7.77525824E8
-1.30783712E8
3.5933184E7
1.38153536E8
1.41735008E8
-3.96558912E8
-4.76571136E8
7.03463168E8
-2.50850272E8
2.08797104E8
4.35047232E8
2.23644032E8
3.08595296E8
-9.7023168E8
3.21551552E8
5.13667904E8
-1.17714048E9
2.12794064E8
3.14697408E8
3.62894016E8
2.39829248E8
4.581E8
1.95892384E8
3.05560448E8
-7.4018096E7
-2.1126352E7
9.3690176E8
-1.198349312E9
4.90137024E8
-3.16990752E8
1.67837504E8
8.21544448E8
-3.6566848E8
7.58564416E8
-4.45033088E8
-8.28797056E8
-3.988184E7
-3.4383872E7
3.12679872E8
-2.8604112E7
-8.61945152E8
-3.1195488E8
2.621216E8
5.12077696E8
-7.28835648E8
2.16899504E8
5.92529664E8
-9.1997632E8
1.6624096E7
6.9724704E8
-5.39818752E8
6.65446016E8
-2.78623232E8
-4.69994208E8
-9.3408304E7
-5.4122304E8
1.146384E7
-1.44327744E8
-6.19761728E8
1.133822592E9
3.6722304E8
-4.52147328E8
-2.93467584E8
5.7583712E8
-9.96316352E8
2.06164416E8
5.23873568E8
2.13997056E8
-6.7706304E8
-5.2407968E8
7.63890048E8
-5.95394368E8
-1.5351584E8
-1.024151552E9
-5.04926048E8
-5.8830688E8
2.04178784E8
4.153536E8
-7.5285248E8
5.57590208E8
4.18362432E8
1.271408E7
2.54940848E8
-5.6994336E7
6.8904192E8
-6.33294336E8
-9.70611392E8
-8.85495296E8
1.21892128E8
-7.33644608E8
7.14600576E8
-7.5017856E8
8.93584576E8
-7.62762624E8
-3.08606976E8
5.2859504E8
7.5829312E8
-1.89989824E8
-6.70529024E8
3.64414368E8
-9.04055552E8
-3.28112736E8
5.2597632E8
5.09650688E8
1.22439968E8
-8.934368E7
-2.50169024E8
-5.41002688E8
2.67109584E8
9.1104256E7
-4.77600288E8
6.03558272E8
-5.67757184E8
-4.07079488E8
5.86170752E8
-9.7097248E7
-1.06383488E8
-1.201563776E9
-4.0553728E8
1.236413952E9
-5.43108096E8
6.53115392E8
1.51731072E8
4.9887616E7
-5.47962752E8
2.488856E8
-5.61049728E8
2.17617536E8
-8.47597696E8
3.03376384E8
3.89292352E8
-4.0144416E8
1.148633088E9
3.07753696E8
-7.1585536E7
-5.78896128E8
3.67694208E8
-5.94777536E8
-2.74471072E8
1.63366784E9
6.98719488E8
6.45404288E8
6.75994944E8
1.35826176E8
-8.26985408E8
-2.55421728E8
8.9888224E7
3.43159456E8
-1.23581888E8
-5.64312E8
4.3236704E8
-1.277777408E9
5.9804512E8
2.50321824E8
-4.48095168E8
-4.149936E8
-3.22851232E8
-2.36530688E8
1.02197376E9
-1.210531328E9
5.390496E8
-4.4858016E7
-4.94416896E8
-8.47972608E8
1.06637632E8
1.84647744E8
9.4638368E7
5.7867296E7
-9.46680704E8
-2.2656576E8
1.02508776E8
8.7807008E8
-4.35481536E8
-4.2676224E8
-5.959968E7
-2.51025152E8
4.03971616E8
-4.40675456E8
1.0785648E8
-9.68442368E8
-4.08475136E8
3.04617504E8
-8.6313856E8
-9.03246528E8
-8.02490368E8
-3.3895648E7
-5.44069888E8
7.63845376E8
-2.88034368E8
-8.2739648E8
2.59372352E8
8.18845568E8
-6.77605696E8
1.797783296E9
-7.72731264E8
-6.383136E7
-3.0616224E7
-1.256218368E9
-1.99907456E8
1.263979776E9
-5.33787392E8
-7.71106816E8
6.74298752E8
2.1213216E8
-2.76532512E8
1.210822912E9
-2.1515072E8
-1.18823104E8
6.8527328E7
-9.19453824E8
5.82749568E8
-8.37709312E8
9.66421952E8
-1.374434816E9
1.327288576E9
-8.25712384E8
1.055524352E9
3.00464736E8
-5.62753728E8
-4.0450448E8
1.28539136E8
6.06381376E8
1.15728384E9
3.53860512E8
-5.33407872E8
-6.14672064E8
-7.83212672E8
1.282773248E9
3.39786784E8
-1.243334528E9
-1.3672592E7
3.12420736E8
2.5544E8
1.556256E7
1.179414912E9
-2.3967744E7
-7.612288E7
2.26423424E8
5.29600192E8
-6.0172864E7
-2.46120048E8
7.96118144E8
4.15828608E8
4.32142272E8
-3.378848E7
-6.93641728E8
4.7131568E8
4.6140784E8
3.6782464E8
-3.65859776E8
5.9299584E8
8.2589696E7
-6.01661952E8
1.061842048E9
-6.33177856E8
-1.4402752E7
6.01940032E8
-5.73157376E8
1.108947968E9
-4.95954496E8
-3.67393024E8
-6.26502592E8
3.33358816E8
-7.6570512E7
1.66155648E8
7.87526528E8
-5.14576704E8
9.7314304E7
5.9169664E8
-6.21015296E8
1.99144672E8
8.4003776E8
-8.13712512E8
3.22320064E8
-2.9676656E8
-2.2756688E8
-3.52725184E8
4.3247264E7
7.18760192E8
3.000016E8
-1.764647168E9
-9.5856192E8
4.08994688E8
-1.100861184E9
1.03437696E9
-3.63575968E8
2.40062304E8
5.82756736E8
-2.19797952E8
-1.5383744E8
2.39986816E8
1.388602368E9
-3.25011968E8
1.13201512E8
-4.2102208E7
-2.2826944E8
-1.432120832E9
-7.86644032E8
2.07929216E8
8473472.0
-6.12817152E8
-9.34599168E8
3.86006592E8
1.235603584E9
4.30368E7
1.12281104E8
2.20614336E8
-9.92012288E8
5.80671616E8
-3.36782528E8
-8.3408064E8
1.792112128E9
-2.09093808E8
-1.188840576E9
5.97520704E8
1.18791424E9
-1.344903552E9
5.67625664E8
1.22591104E8
-1.22814976E9
-8.5013376E7
-1.332844928E9
6.84905536E8
-1.131095296E9
-9571840.0
1.84516736E8
3.13705984E8
-8.64163328E8
8.74390144E8
6.37265664E8
-1.27968192E9
4.51133248E8
-9.2771904E7
1.289744128E9
-1.426428928E9
9.54277824E8
4.22753536E8
2.1928608E8
1.0169216E8
8.1748704E8
-3.2574016E7
-2.22602752E8
1.299452416E9
-3.74379712E8
-5.66030848E8
-4.38740352E8
1.49060672E8
-9.80892928E8
8.52313728E8
-9.22232064E8
3.38545472E8
1.0711808E8
-8.96132224E8
-5.90576384E8
1.900680704E9
-6.81176576E8
6.0927424E8
-3.29308928E8
-7.46402496E8
1.65267904E9
-1.66863104E8
8.74860416E8
-6.21805824E8
-6.8251008E7
2.07179936E8
-4.67862432E8
6.30737344E8
1.16945408E9
-3.89083904E8
-5.2874496E7
1.5787648E7
-3.43440768E8
-4.07598496E8
9.09129664E8
-1.306513408E9
-5.51150848E8
-5.82121664E8
5.38110592E8
9.10823552E8
1.41798528E8
3.59214912E8
-1.84474304E8
7.498576E8
8.8902272E7
-1.75850672E8
5.15785184E8
1.5590984E8
2.20221184E8
3.68632064E8
-4.4588384E8
1.76653312E8
8.21032576E8
-7.32272256E8
-6.52827776E8
1.010355648E9
2.5772736E8
-1.27003968E8
-6.26777088E8
6.26123776E8
-4.124896E8
-3.91440256E8
-1.488403456E9
8.61586816E8
-9.50204992E8
-4.77443392E8
5.82923072E8
-7.1612256E8
-4.85032896E8
-1.4993472E7
9.98624576E8
-5.7127552E8
9.41003904E8
-1.38756608E8
1.50237088E8
-1.330070784E9
5.87128064E8
-1.199835648E9
1.48260288E8
-6.15644224E8
1.058736192E9
-3.99571584E8
8.846696E7
4.51732608E8
-1.80450944E8
7.26790912E8
-1.55724416E9
1.6542816E9
-6.52463488E8
1.434088576E9
4.26467712E8
-4.0681856E7
6.57452352E8
-1.499247104E9
-1.81983616E8
2.93412864E8
5.73305088E8
-7.76236928E8
-5.91398848E8
-3773376.0
-1.68261568E8
4.61119104E8
6.17596032E8
2.25501984E8
-4.76030784E8
5.4392096E7
-3.52902272E8
-2.2962432E7
-2.52396352E8
-2.9777728E8
7.45089408E8
-8.47671552E8
-1.388184448E9
5.63002112E8
6.84375168E8
-8.32428608E8
3.8442096E8
-4.28840768E8
-1.3316704E7
-4.62126592E8
-3.03217024E8
-3.66525952E8
-4.08523456E8
1.097275392E9
-6.26160576E8
9.48865792E8
-2.21946112E8
2.89792384E8
-2.03216256E8
-1.026093632E9
5.961888E7
1.07414656E9
-3.82343808E8
-1.52188992E8
1.85500832E8
1.66022848E8
3.59288384E8
-2.374528E8
4.55737536E8
1.4480128E7
2.43545984E8
-8.5889376E8
-6.38439424E8
-1.147569536E9
2.188504064E9
-8.19901568E8
6.41511488E8
1.345137024E9
-2.60351232E8
-8.9547104E8
3.65159296E8
1.175938048E9
1.078016E8
1.346301056E9
-1.198683904E9
-2.8553904E8
2.360237568E9
-3.62464512E8
-2.31619264E8
1.72714624E9
-2.187738112E9
1.185907712E9
1.405594624E9
-1.38142336E9
5.819584E8
5.23642624E8
-1.705274624E9
-9.01472704E8
-8.67587072E8
-1.61338368E8
1.4578624E9
-1.459613056E9
-2.9019648E7
1.33361408E9
5.4775552E8
-5.96830336E8
-3.1754752E8
1.097380096E9
-6.59584128E8
-1.039373504E9
7.51679488E8
2.03467328E8
1.643869952E9
8.40091904E8
-3.19985536E9
6.52079232E8
8.8728448E8
-7.21630592E8
1.52463616E9
-5.52747392E8
-7.06092992E8
-7.5728992E8
-1.70321472E9
-7381504.0
1.030304128E9
-3.33687648E8
-3.3128288E8
3.2484128E8
3.56711424E8
1.340957824E9
9.5780544E7
-2.57966592E8
-8.00446144E8
1.327001472E9
-1.616267008E9
2.47765408E8
-1.603266816E9
-2.68916224E8
4.25715104E8
-1.15677568E9
5.37727104E8
5.30723392E8
2.181820416E9
-1.097905024E9
-2.236571648E9
-3.8852368E8
9.64571712E8
7.53522048E8
3.217376E7
4.41441088E8
-6.57446912E8
-4.06038912E8
-1.06246592E9
-2.0060032E8
1.564054528E9
-8.6134752E8
-2.21092768E8
-5.31093952E8
-3.52225952E8
1.576317056E9
-6.48653184E8
-1.49295312E8
2.48393328E8
1.538989568E9
-1.628225024E9
-9.3277888E8
-6.36285824E8
3.45893856E8
-5.56321664E8
1.480672512E9
-9.16504064E8
6.70080768E8
-1.54385248E8
1.582368512E9
-1.09063296E9
1.282751616E9
4.4977088E8
-4.1608704E8
-5.29102592E8
7.80726528E8
-3.83275072E8
2.17475712E8
-2.559248E7
1.72009472E8
-1.034108928E9
3.0878784E8
1.07747728E8
-3.9487776E8
2.8778272E8
5.156576E8
6.09411584E8
-5.39737984E8
-1.92084672E8
-1.22010144E8
4.9893504E8
-8.0113536E8
1.45357184E8
9.4222336E8
9.3207456E7
-1.238741632E9
1.274559232E9
5.35293408E8
-9.34586368E8
8.3198976E8
1.91701056E8
-1.2050176E9
1.270906368E9
4.82837248E8
-6.62700352E8
-5.356128E8
9.15384E8
-1.42888448E8
-3.3866848E8
2.88970336E8
2.1743456E7
-1.197097216E9
9.57140032E8
-3.88873472E8
2.05150496E8
-1.6859968E7
-1.38839904E8
-2.56162944E8
-5.5160736E8
1.103360384E9
-4.14287392E8
4.68340032E8
6.0670112E8
8.3291504E7
-9.4096E7
-1.13170432E9
-4.46787488E8
1.342721536E9
1.9542528E8
-5.68932288E8
6.90298176E8
6.14899968E8
5.276416E7
5.9755392E8
-6.40664832E8
-6.54204032E8
1.221243392E9
9.29486016E8
-5.8163328E8
8.295872E8
-1.12020192E8
-6.89815552E8
-8.17604992E8
-2.88181568E8
-1.75697536E8
-1.6233728E7
7.22871296E8
-1.4214336E9
-6.11639488E8
8.7035552E7
1.015931008E9
-4.51435136E8
-5.46147584E8
3.63425728E8
3.29886336E8
-6.1365696E8
-8.8463616E7
1.09745704E8
-5.83983424E8
-8.94021568E8
2.1308512E8
8.5749488E7
-4.61581088E8
-5.288168E8
5.4654656E7
-5.23214816E8
3.54591552E8
6.1420512E8
1.160368768E9
4.6704352E8
-4.89332384E8
3.96989824E8
-1.1660608E8
-4.75020864E8
-9.6183184E7
4.35444E8
-4.22324928E8
-4.0282016E7
-7.13437312E8
5.6122048E7
-4.60240992E8
-3.9809984E7
1.82614368E8
-1.56311216E8
2.74344032E8
6.6102464E7
-9.62421696E8
-1527744.0
4.12113696E8
1.32243328E8
-7.67350848E8
-4.12583232E8
4.41699328E8
2.5174176E7
-4.0257776E8
-8.10788224E8
6.492848E7
-4.42747104E8
-4.23461056E8
6.668568E7
4.92755904E8
-2.60542384E8
-2.93513376E8
9.95066752E8
6.2018688E8
2.58681248E8
2.62644208E8
1.157635712E9
3.58543424E8
-4.39139168E8
7.8279216E7
7.14829568E8
2.7574688E7
-2.55724544E8
1.0856176E7
1.97247168E8
-5.38959296E8
-7.13661312E8
3.69097056E8
-5.76826048E8
-2.79027328E8
8.9392928E7
-4.91664E7
-1.59568384E8
-2.04533168E8
-3.51480768E8
-1.44557152E8
-2.5773376E7
2.29255824E8
-9.13024E8
4.51718208E8
3.47847328E8
-7.0090304E8
7.0671424E8
-3.97264928E8
-7.63824256E8
-1.5120248E7
4581440.0
-1.111710208E9
1.16700336E8
2.94920928E8
-2.51094464E8
5.99058432E8
-3.50963744E8
2.468256E7
1.56178624E8
-1.29621504E8
-9.5681696E8
-1.7408184E8
3.51395488E8
-1.11227696E8
-9.26062976E8
1.7464832E7
5.998976E8
-3.82246496E8
3.49652352E8
3.3479488E8
1.206648448E9
-3.41146848E8
4.973352E7
3.73425696E8
-6.18110272E8
-6.50788352E8
4.66074048E8
2.54148432E8
-7.90424576E8
8.73296192E8
-7.03481536E8
-1.41671584E8
4.63171008E8
4.75226304E8
-4.65199712E8
-2.8413856E7
-1.321260288E9
4.4499024E8
6.4499552E8
-4.69707968E8
-4.3650464E8
-2.23946064E8
5.2917248E8
-6.31311488E8
-9.1783744E8
9.872816E8
1.81521856E8
8.03916544E8
3.01097024E8
9.58585472E8
-8.5709408E8
-6.65791936E8
-3.38188768E8
-6.91894656E8
-5.5703392E8
-1.75445184E8
6.3394336E7
1.508235008E9
1.16550416E8
-1.075750784E9
3.2051328E7
3.23371264E8
1.64483968E8
-3283040.0
5.89335424E8
-4.4705984E8
4.28763072E8
-6.8589504E7
-6.13136832E8
7.30630912E8
1.06620992E9
4.77480704E8
-5.73512064E8
-1.19733376E9
1.12455808E8
1.2874608E8
-9.45558016E8
6.33974976E8
7.4646592E7
5.59429056E8
6.40308992E8
6.8354496E8
-5.48415808E8
4.37443584E8
9.15282048E8
-6.86175872E8
2.61935216E8
-4.96110656E8
-6.28497664E8
5.2337984E7
-2.57261312E8
-2.88627104E8
-5.61276288E8
2.179592E7
6.01279232E8
3.73617664E8
2.06278976E8
-3.46431424E8
-5.00336576E8
-8.87614016E8
7.5548544E7
3.20916096E8
2.88646784E8
-1.670653696E9
-8.4938192E7
1.228844544E9
-5.83770624E8
-2.17398912E8
-3.28303808E8
1.413160192E9
-9.8973216E8
-1.382966656E9
6.32089472E8
2.327439616E9
-2.063076224E9
-1.307774208E9
-2.217216E8
1.237214592E9
-3.53489792E8
2.7855376E7
-6.817728E8
8.59259776E8
-4.66558016E8
-4.59245952E8
7.03934976E8
7.50301632E8
-6.09820416E8
5.05154752E8
-6.5880448E8
2.52371584E9
-1.72607616E9
6.88477184E8
-7.10957184E8
1.302020224E9
-6.338096E7
3.55564064E8
4.08650496E8
-1.96431616E8
-3.7743856E8
1.106931712E9
-1.88609984E8
-1.9270752E8
4.24378496E8
-3.82075392E8
-4.32931008E8
3.10757888E8
4.87513856E8
1.014377344E9
-1.92068736E8
9.88064E8
5.99011328E8
-9.23901248E8
-6.08161536E8
-5.7930592E8
4.8564416E8
-6.447456E8
1.451090816E9
-1.08058432E8
-3.388796E7
1.5704448E7
3.43361856E8
-1.101305856E9
-7.5458688E8
9.57293952E8
-1.181851264E9
1.6439056E8
1.163565312E9
-3.65645376E8
-3.3446816E8
8.41436096E8
1.291916928E9
-9.70998272E8
-5.75888896E8
1.250728E8
-2.2518944E8
-2.2021128E8
3.39682976E8
5.4047392E8
4.71816576E8
-4.3611472E8
9.6741728E8
-8.66456704E8
-9.3428064E8
7.83615232E8
8.4864832E7
7.14755584E8
-3.0764064E8
-435488.0
6.77476416E8
-5.61885184E8
-1.06000224E9
1.257627264E9
5.89784064E8
-9.72594624E8
-1.289181312E9
6.62907904E8
2.07168896E8
-3.94731104E8
-3.1686816E8
-2.12053888E8
3.7424704E7
6.2779008E7
-5.17036992E8
-9.65678464E8
1.068190464E9
2.9359232E7
4.36683008E8
-9.17044416E8
-5.54853568E8
3.35096864E8
3.5368224E8
2.21603456E8
8.922016E8
-1.145942528E9
-2.7655808E7
-5.334656E8
4.76266496E8
4.05370048E8
-8.00949568E8
-5.52508928E8
7.0047544E7
8.01041856E8
3.97600576E8
-1.792805632E9
-2.98349664E8
7.6676096E8
-6.77025536E8
-2.5600544E7
3.45622976E8
4.13939968E8
-3.01136064E8
-5.04144896E8
1.67129888E8
-3.2570176E8
8.715488E7
2.55518416E8
1.25501504E9
-1.272893824E9
-2.51171216E8
2.71271424E8
-6403264.0
-2.62712608E8
9.4129984E7
1.262157312E9
-1.267701888E9
-8291968.0
6.62307136E8
-5.1905616E7
-1.84041568E8
-3.37665728E8
4.4724576E8
-5.085188E7
1.3619664E7
3.5183424E8
4.32538176E8
6.22742016E8
-5.6235424E8
4.95316928E8
5.27054336E8
-5.81867712E8
-6.49963968E8
3.46063424E8
2.43547264E8
-1.12438464E8
5.1856032E8
1.23594208E8
-1.063256576E9
6.1584288E8
9.46756608E8
-3.67488256E8
6.47949952E8
6.85475072E8
-5.9742688E8
-6.48082432E8
-4.74589888E8
8.7798656E7
7.45532608E8
3.53076576E8
-2.33352448E8
2.97337216E8
1.343232E7
2.70189952E8
-3.65667232E8
-7.91344256E8
7.1342976E8
-1.3948256E8
-1.238131456E9
-2.1627328E8
3.41811776E8
2.88662176E8
3.16149664E8
-4.8625056E7
1.211603968E9
3.46926656E8
-3.32356192E8
2.81554144E8
-9.13815168E8
-3.93452608E8
-5.771088E7
-2.57482848E8
-2.28663584E8
1.3714912E8
2.34391744E8
-4.5872896E7
-1.1859296E7
6.22793728E8
2.66397856E8
-5.6117792E8
-4.32734272E8
-4.067584E8
3.0621376E8
2.64914368E8
-2.2702504E8
-4.15915264E8
-2.7178176E8
-1.538128E7
-2.20261376E8
-2.79149344E8
-2.6280512E7
-5.3899008E7
3.94016352E8
5.25240704E8
1.64720576E8
-1.178732416E9
9.75592256E8
8.10577856E8
-5.6793984E7
-6.96512512E8
5.02474752E8
-9.0459728E7
-2.4998336E7
2.07422624E8
-2.02090784E8
8.8864608E7
-3.51822176E8
3.50490432E8
8.98140096E8
1.49283008E8
-1.084652288E9
1.348379648E9
4.57646624E8
-1.16081536E9
-8.01768512E8
7.61498432E8
6.90573312E8
-4.8486336E8
-1.29455808E8
-4.84731744E8
4.96963264E8
-1.26154512E8
4.2784992E8
-3.44066688E8
6.4747392E8
-6.42039936E8
-1.20530944E9
-2.761992E8
-2.8067424E8
-3.94548544E8
-2.72344064E8
-3.80751936E8
-7.228832E8
-8.4616448E8
4.43506048E8
2.03176288E8
1.30914304E8
1.334992128E9
-8.68973952E8
-8.87279488E8
1.219437568E9
-3.07780128E8
2.84426368E8
-2.58841888E8
8.91381248E8
5.06873024E8
-1.030039168E9
-4.47592672E8
3.94136896E8
7.01976576E8
7.7279776E8
-5.8510848E8
1.063679232E9
3.8744448E8
-3.1485792E7
3.86103808E8
8.74788736E8
-7.5030176E7
-2.97395904E8
1.354830976E9
-9.14882048E8
-5.06549312E8
-7.73151552E8
1.91972224E8
5.33938208E8
-5.15416128E8
-1.27838848E9
-1.37142784E8
1.952004E8
4.87989088E8
-5.02660928E8
2.16816608E8
1.71557664E8
-8.58117056E8
-8.6047296E8
1.63802944E9
-7.52730048E8
-2.371123712E9
8.81748608E8
1.8962368E7
7.58795264E8
-2.295945728E9
1.531688576E9
-2.4961984E8
9.93342656E8
-1.287865984E9
5.8174784E7
1.716224256E9
5.94978496E8
-1.6563392E9
-7.27449664E8
1.811813888E9
1.329876736E9
-1.507425664E9
-7.12125824E8
7.55238336E8
5.64068928E8
-6.15360128E8
-3.29992992E8
-2.16057088E8
6.22438656E8
4.13910368E8
-2.81129792E8
8.6935488E8
6.62977472E8
6.1481312E8
-2.83681856E8
2.63065728E8
4.40514688E8
3.07575168E8
-2.7790336E7
-8.40399872E8
8.14358272E8
3.15696384E8
-2.014422528E9
1.399929088E9
1.90503552E8
-5.492112E8
5.62672E8
7.64084736E8
-5.95498496E8
-1.766401536E9
2.77202304E9
-1.00926976E8
-2.02748928E8
-3.99262112E8
8.8913528E7
5.76125824E8
-1.95020992E8
2.77338496E8
-1.80131424E8
9.83746176E8
-9.33089152E8
-5.89319936E8
-9.50828096E8
4.55956288E8
6.910384E8
-1.288739072E9
1.067567104E9
1.122202624E9
-8.19526464E8
-1.311945472E9
8.48203904E8
7.23863936E8
-1.61094144E8
-2.67633664E8
4.75158784E8
-1.295469568E9
-2.81679008E8
5.27802112E8
-5.07038976E8
2.26680032E8
6.37937408E8
-5.03451104E8
-8.14147136E8
5.60911424E8
-2.2430016E8
-6.90988992E8
-1.54226816E8
-4.56897216E8
3.99333632E8
-4.00721024E8
3.56837056E8
-7.36516864E8
3.66291264E8
-6.123904E8
2.12158016E8
-2.78802496E8
-3.61405568E8
5.9604128E8
-7.65615104E8
5.76895168E8
-1.424410112E9
7.94673024E8
-6.88746752E8
1.71521024E8
1.84471168E8
5.48798784E8
5.8951808E7
-8.75898496E8
-1.24533872E8
8.1994272E7
-2.66251328E8
5.9810912E7
-2.64142912E8
8531536.0
-3.7378112E8
2.77999808E8
-3.3088512E8
-1.275608E8
8.99927232E8
2.57829728E8
-3.93797312E8
-1.54260544E8
9908448.0
-3.07703104E8
-1.18327936E9
1.69517248E8
-1.77295744E8
-2.73072128E8
-2.49078016E8
2.86646912E8
1.33350944E8
4.1180224E7
-1.1217216E8
-7.47967488E8
1.69031744E8
2.4123648E8
7.0474496E7
4.206856E8
-5.24014912E8
2.3042128E8
9.0066784E8
8.15163008E8
-3.77435584E8
-1.4264736E8
3.69869888E8
1.38209568E8
-2.72388928E8
-9.1524272E7
-7.26993664E8
5.04524576E8
-5.10751872E8
-5.99994496E8
2.72743328E8
2.105552E7
-1.188724608E9
-1.37003264E8
3.73738944E8
1481280.0
-1.71542688E8
-6.27853184E8
1.9908544E8
1.25695312E8
8.98398592E8
5.37622464E8
-2.22339392E8
-8.8825344E7
2.21558016E8
3.4370192E7
-5.7722816E8
1.24746336E8
5.3526016E8
3.06854304E8
3.26001536E8
4.3755976E7
-1.65968208E8
-2.75498432E8
-2.45249024E8
-4.82282816E8
6.5553664E8
1.25347104E8
2.3767104E7
2.0983232E7
1.9991504E8
4.64225696E8
2.23578176E8
6.5271024E7
3.73453952E8
-4.02430976E8
2.62403392E8
-1.12189856E8
1.44486592E8
4.25210528E8
-8.52291712E8
5.09780352E8
2.41990048E8
2.53030816E8
-1.558932E8
6.08286272E8
7.0732288E8
4.42843968E8
-5.2302832E8
-5.50649856E8
8.8925952E8
5.34865664E8
3.14825984E8
1.87235264E8
2.225344E7
2.82199264E8
-4.68837056E8
7.9187392E8
8.42692992E8
-1.474408192E9
7.04761536E8
7.514912E8
4.29294176E8
-6.63660928E8
1.26499584E9
4.9129184E7
-6.39715392E8
-1.9167408E8
9.41737152E8
4.9584736E7
-4.00655392E8
4.13270912E8
-8.78429184E8
3.88784E7
8.7408416E7
4.16105216E8
-7.61130688E8
-7.92265152E8
9.7247248E7
2.37148736E8
2.092768E7
4.08254752E8
-3.69837568E8
-2.78726304E8
3.67133568E8
-7.83003328E8
-2.08857408E8
3.47927648E8
-4.48937472E8
8.518528E8
1.16994848E8
-2.1158592E8
1.91833232E8
2.11397408E8
-5.24397632E8
-8.2294912E7
-5.48822848E8
-3.90958272E8
-4.73060512E8
1.50117584E8
1.54688768E8
-3.57664832E8
-1.89038864E8
-9.01434496E8
3.71705472E8
-5.987872E8
-1.52688832E8
5.81420416E8
-1.16915584E9
1.44487968E8
-7.89921152E8
3.97722368E8
-2.2526656E7
-1.259234944E9
6.84019712E8
-7.73747584E8
-6.68336064E8
1.434648192E9
-5.1286848E8
-8.6866816E7
-2.87765888E8
8.96225472E8
9.059272E7
-5.2380608E8
-3.64252672E8
-6.0628864E7
6.38593728E8
1.78026688E8
-7.98780864E8
-3.5497024E7
1.317436032E9
6.31982592E8
-1.90161184E8
6.43252736E8
-1.290569856E9
-7.2901888E8
1.686831104E9
-9.16517952E8
-5.13775872E8
4.33034752E8
1.54669824E8
5.4370336E8
-6.14533376E8
2.56110448E8
-5.84670464E8
8.94202624E8
2.46354816E8
-3.98230368E8
-6.18687424E8
5.10267392E8
-7.1163472E7
2.86580032E8
2.94724928E8
2.21912448E8
-8.84923648E8
8.8765248E8
-9.57174208E8
1.451126272E9
-3.36005568E8
1.218023424E9
-1.849123456E9
-8.18183296E8
2.19549056E9
-1.302547328E9
-1.857558912E9
1.786793472E9
1.228697088E9
-1.86954112E9
-9.60651136E8
3.70351104E8
2.341540352E9
-1.846488448E9
-1.489317632E9
-6.51920128E8
1.417163904E9
6.01521728E8
-1.00308224E9
9.6878592E8
1.47900944E8
-1.37932032E9
9.76617024E8
-6.93182336E8
-1.60142848E8
2.07928192E8
-3.15688928E8
4.85005184E8
5.20710144E8
-8.11337344E8
-2.6614112E8
7.80846336E8
4.3574784E8
-1.906061056E9
1.219361536E9
-7.48286592E8
-1.088764544E9
3.7010176E8
6.61686656E8
-7.43237888E8
-5.92688576E8
1.47559488E9
1.976832E7
7.15269376E8
3.77964928E8
-7.37424704E8
6.97292096E8
6.0711328E7
-1.5762304E8
-9.54902208E8
1.01192064E9
-4.59170304E8
-1.063663808E9
6.5279936E8
8.32547712E8
-1.29851168E8
6.63065664E8
-8.681056E7
-6.07446912E8
-4.2427616E8
-1.62077248E8
5.25164352E8
3.9007588E7
1.04528608E8
2.21898112E8
-3.44927616E8
-1.40224896E8
-6.69473536E8
1.344341376E9
-2.3995664E8
-7.21200128E8
6.66698432E8
-6.59630464E8
1.64753664E8
5.25866176E8
-6.16802368E8
4.26745632E8
-1.147134464E9
-1.43279232E8
1.117850496E9
-8.78279168E8
-1.219608064E9
4.79889536E8
-4.42611392E8
2.51380416E8
3.48329376E8
6.82585088E8
-5.07352096E8
1.902568832E9
4.54702016E8
-6.86464448E8
-2.80683552E8
2.81444928E8
-4.35082496E8
5.08849408E8
3.5337648E8
-9.46587392E8
5.10322304E8
-6.557344E7
-6.28043584E8
-8.9614912E7
-5.11849984E8
-246560.0
-4.3998752E7
4.90674816E8
-9.75966784E8
1.44581152E8
8.6702504E7
-6.7998208E7
6.5612832E8
-2.65430288E8
-6.75286208E8
3.6770728E7
3.18292448E8
-7.6417504E8
8.21667968E8
6.48196928E8
-6.29599488E8
-3.550568E8
-9.65326336E8
-1.142190336E9
-3.02385408E8
6.60023744E8
-5.86966656E8
-8.47457664E8
3.36557952E8
-1.58329072E8
1.073780992E9
5.09855328E8
-1.07486656E9
1.81747488E8
1.203373056E9
-1.7629816E8
7.0206464E7
3.19389856E8
5.1084112E7
5.13059776E8
1.7753664E7
2.528672E7
1.30838816E8
9.37204864E8
7.90084672E8
-9.3514624E7
3.66582656E8
6.27092736E8
-4.35495616E8
-1.519451264E9
-2.36899264E8
3.26423936E8
-7.14860288E8
-1.095602432E9
2.83891968E8
5.05709792E8
-4.97050624E8
8.00037824E8
8.7024128E7
-9.90931456E8
3.35324672E8
7.36623744E8
-5.10073344E8
9.0764288E7
8.91143488E8
2.54510304E8
-1.37957568E8
9.99335616E8
-9.01395008E8
-1.87088384E8
4.65056448E8
-3.40549504E8
-6.23410112E8
7.06349952E8
2.78793024E8
-9.01184768E8
281936.0
2.01665984E8
6.23133312E8
-1.212104192E9
5.88495104E8
-5.0193088E8
5.32068448E8
-7.14582016E8
1.113511808E9
4.78230528E8
-1.001326592E9
2.62529232E8
4.85242112E8
-1.87497408E8
-9.18281984E8
-5.2910016E7
3.19938464E8
-3.14178432E8
-4.1163872E8
1.164934528E9
-1.19276672E8
1.30862336E8
3.8637952E8
2.98343936E8
-5.1312576E7
3.27153856E8
3.81127136E8
-4.023392E8
4.71991648E8
7.0479744E7
-1.76633712E8
-1.08291264E8
7.98071808E8
-6.89374464E8
-7.65124928E8
7.5103456E7
-5.22109568E8
-3.04822432E8
-5.95491584E8
1.06577344E9
-1.191614464E9
2.3532112E8
1.59137888E8
-4.99628608E8
5.3420416E7
-6.4185328E7
-2.92117376E8
-7.88306944E8
-7.58123136E8
2.8810096E8
1.55278016E8
7.27780096E8
-1.10966976E9
-2.60070752E8
-1.25813248E8
4.9424768E8
1.06341312E8
-3.0848256E7
-2.92844E8
8.90040576E8
2.9448576E7
-6.86599296E8
2.87927936E8
3.99909952E8
5.29983168E8
2.04159872E8
6.2436288E8
-1.3201136E8
-4.23709152E8
-5.36413152E8
-4.54103328E8
1.458958592E9
2.71269568E8
-5.3023296E8
9.06646848E8
-7.51835776E8
2.5522288E8
-5.774624E7
-8.14392256E8
2.72689088E8
-4.14764192E8
-1.0785984E8
-5.227056E7
1.42043392E8
1.0230304E8
-6.8636928E8
-3.98221216E8
2.36114304E9
-1.321683328E9
-2.06626512E8
-9.3794496E8
4.74519424E8
8.84760576E8
-5.84639104E8
-4.76485824E8
-8.4197568E8
8.97158208E8
5.3495232E8
-8.46556736E8
-2.31721024E8
1.88047104E8
3.781432E8
-2.2110128E8
2.98946208E8
-2.029097728E9
5.229184E7
2.380258304E9
-1.086694656E9
-1.3061184E8
5.34070816E8
-8.4619968E7
-3.9422176E8
4.84502784E8
1.96571936E8
-4.7885344E8
1.90807616E8
-5.6947808E8
-3.45311872E8
1083904.0
4.54284992E8
-3.84124288E8
8.73106368E8
9.6083616E8
-3.3966304E8
-2.088352896E9
1.43113024E9
4.20034432E8
9.88283776E8
-2.144529536E9
6.17260032E8
7.40455936E8
-9.77313024E8
-1.03733216E9
1.021493312E9
-2.6643712E7
-1.269456384E9
3.373024E8
3.36213216E8
4.92724928E8
-3.869858304E9
2.736109312E9
3.94222272E8
1.78592E9
9.0523872E8
-6.37184E8
-7.58628928E8
-9.40017088E8
-3.56769536E8
2.92527584E8
1.637114112E9
-1.035184128E9
-2.71498752E8
3.64105216E8
-3.54429152E8
-4.94293376E8
1.927962368E9
-1.445075456E9
-3.34097344E8
8.82437888E8
6.59521408E8
-1.817421184E9
1.39966208E8
2.088657408E9
-1.228144512E9
-1.786216448E9
1.83865344E9
1.32685824E8
-1.0258032E9
6.82462208E8
5.44232064E8
-1.49494656E8
-1.037914624E9
3.98865024E8
9.2958592E7
4.64389536E8
-5.26275648E8
6.68439616E8
7.6542528E8
2.82705696E8
-5.2338768E8
-1.30537368E8
-7.62035328E8
9.18207296E8
1.055223296E9
1.47590496E8
-1.167743744E9
-4.0634336E7
-5.78997696E8
1.247294464E9
-4.36179488E8
2.90939072E8
-4.43553472E8
-9.2535424E7
-1.567405056E9
9.06674624E8
-8.17420608E8
1.303934976E9
-8.0733888E7
5.7993568E8
5.61616832E8
-9.1721408E7
-4.13717056E8
3.76696704E8
-4.314336E7
-4.729928E8
-6.35424768E8
2.25708544E8
-7.86000768E8
7.79198336E8
1.01370112E8
-3.5645824E7
-6.96874496E8
6.92413888E8
7.18250496E8
-8.86490048E8
4.06749312E8
4.0712768E8
-9.3850944E8
1.91748736E8
2.40078784E8
-3.44077184E8
-1.164825344E9
-4.36067456E8
6.44253952E8
-1.6974784E8
1.191644544E9
-1.101160192E9
-6.649888E8
7.97027584E8
-4.05379904E8
-1.51276512E8
4.96957728E8
-5.9144608E7
-1.6124928E7
9.2416256E7
3.73655488E8
-2.05054848E8
3.32423872E8
-5.3816128E7
-8.9067952E7
-2.52010176E8
6.69601472E8
4.09826624E8
2.73923584E8
-1.05431856E8
5.57728704E8
4438976.0
-2.48709184E8
-2.96238112E8
7.2008096E7
-1.16968896E8
-1.052589632E9
4.53418112E8
4.72726144E8
-1.30258752E9
4.4684448E7
-7.0136224E7
-7957760.0
1.57630336E8
-7.4085248E8
-5.6175264E8
1.08738368E9
1.44412656E8
-3.3126016E8
9.81787712E8
-3.36908608E8
-4.7455872E8
5.87017344E8
-8.0915232E7
7.57932096E8
7.41733248E8
-1.73261632E8
1.05240896E8
1.98614464E8
-3.0848752E8
-6.9569408E8
5.9200704E8
2.62872384E8
-7.32992384E8
8.4023424E8
2.94219968E8
-2.05336752E8
4.29021312E8
3.47716224E8
1.32807776E8
-2.7284192E8
-3.30767936E8
1.36876384E8
1.1763968E7
-1.0702192E8
5.53062976E8
6.17027456E8
3.86667584E8
-7.689472E8
6.78387904E8
2.98646464E8
-1.071715776E9
1.25977856E8
9.6462752E7
4.61482048E8
-2.92136224E8
8.53335488E8
-2.6882464E8
-6.02643264E8
-3.4230608E8
1.005529472E9
5.16968064E8
-2.76931712E8
2.68126528E8
-1.000476416E9
1.97623696E8
-3.51698784E8
-2.8971744E8
7.195936E8
6.8932544E8
-3.95429568E8
1.36678752E8
2.8360544E8
2.98585792E8
-4.31885376E8
-4.43481824E8
-2.66705856E8
-7539200.0
5.89205888E8
-1.1748312E8
5.35875328E8
-4.22532768E8
-7.2340992E8
-5.28551808E8
1.22396288E9
-2.6203632E8
2.7612448E8
-5.5523232E8
7.00710784E8
5.35642368E8
-8.34346432E8
-9.8296304E7
-6106240.0
-1.41075968E8
3.1763456E7
-8.64468608E8
-6.4947264E7
-7.3779584E7
-1.52028288E8
-2.0071152E8
7.1465696E7
5.1452032E8
1.38775104E9
3.0779984E8
-8.29071616E8
1.22808416E8
1.92430144E8
2.56453728E8
4.5645824E7
-4.63885888E8
7.64061376E8
6.45437696E8
-2.43042048E8
-1.808421632E9
7.8038368E8
-3.4115312E8
3.00049024E8
1.121510144E9
-2.62593792E8
-3.2110176E7
1.81199744E8
-5.32881408E8
-1.3934032E8
2.11693408E8
6.4552832E7
2.210684E7
-1.44359392E8
9.20695424E8
8.0426496E8
-1.054116544E9
2.89192832E8
-2.17866368E8
-1.6483024E8
3.80091072E8
1.16072864E8
-1.90956608E8
1.324929792E9
1.36041296E8
-1.98545792E8
9.9981376E7
2.152856064E9
2.3338496E7
-8.2627648E8
4.69894976E8
-6.1525536E8
4.00623648E8
1.125724E8
-5.28207136E8
6.64055104E8
3.6080816E8
1.300052736E9
-1.37592704E9
-4.80406784E8
3.1232432E8
-7.22984064E8
8.99062912E8
-2.28160736E8
-3.81149312E8
5.80671616E8
1.068098816E9
-2.097922176E9
-4.50144256E8
2.052563968E9
-4.08527616E8
-1.0347136E7
2.81715328E8
-6.46273344E8
-3.84094176E8
6.80111104E8
1.91999904E8
1.9395072E7
-2.9418464E8
2.7067072E8
4.65907264E8
-9.58707968E8
9.8342528E8
6373568.0
8.0768992E8
-6776000.0
3.19086144E8
2.35760384E8
-7.45511424E8
-7.0688E7
1.346509568E9
1.227295488E9
-1.78837696E9
-1.589031936E9
2.091605888E9
2.36653056E8
-1.780033536E9
5.21842432E8
7.0797312E7
4.10178304E8
-1.963685888E9
2.3294976E9
-3.589258752E9
6.61611328E8
-1.230620928E9
