1.486776305464E12
6.3870820168E10
2.3290592208E10
-9.246706816E10
-3.4731287216E10
3.0477921376E10
-3.4477044272E10
9.505681064E9
1.14819275136E11
3.8073937688E10
-1.12620179296E11
3.7285001352E10
-9.3155393984E10
6.3584052776E10
-1.5885813984E10
2.27905886E10
-7.3235118056E10
-9.390549008E10
5.6438192752E10
-9.77687638E10
3.0133559832E10
-1.927135592E9
-1.7821797008E10
-9.6779929176E10
1.02063440232E11
-2.9832508152E10
-4.1401979176E10
4.3485118744E10
-1.9944944704E10
-1.54996790376E11
-5.2627257192E10
3.7524930016E10
-4.9863636544E10
5.0546935856E10
-3.831666116E10
-1.1047396344E11
9.2867869992E10
1.1428676012E11
-1.00129204736E11
-2.5796582864E10
-3.073178724E10
-7.205171456E9
2.1850811744E10
-1.22664112104E11
8.7750759536E10
-4.9332581136E10
3.3346183E10
-2.5935269856E10
-9.386663712E9
7.798703784E9
4.40415304E10
-4.7946439392E10
1.059321936E10
3.0317048768E10
-6.108831736E10
-3.3577479136E10
2.759636576E10
-5.843643252E10
-5.5745971928E10
-5.95776596E9
9.392832792E9
-6.7233592464E10
2.7741294848E10
-4.4626537488E10
4.4159030952E10
9.768950496E9
-1.290680832E10
-3.68100622E10
1.814638368E10
-2.5003845536E10
5.6094036824E10
-4.86615042E10
7.5405982072E10
-3.5301346832E10
-4.041995312E10
7.6195221656E10
-2.837459952E10
4.437095876E10
-2.6088505296E10
-7.1464865248E10
1.247479E10
-5.9651022008E10
2.4374802288E10
3.217916928E10
1.6127791936E10
-2.615277608E10
-7.002424408E10
4.0548373288E10
4.2464823464E10
1.9136607168E10
1.27232404E10
4.9084704448E10
-2.4697986376E10
-1.690179556E10
7.3463404984E10
2.0325440504E10
9.893067112E9
1.4101383504E10
1.379124404E10
-7.5104861184E10
2.871958752E9
2.3189295712E10
-1.963163832E9
-9.8394953704E10
4.9659106984E10
-1.17847649856E11
1.4336136512E10
5.9099462928E10
-1.0871359536E10
5.6011439032E10
-1.2120413752E10
4.5798844504E10
-5.1125364288E10
6.8980258928E10
1.49786344E8
-3.1505292128E10
3.4831703176E10
1.1467222376E10
-2.2834720016E10
-1.9418679808E10
-2.7771766E9
-5.462603104E9
9.5059150168E10
4.2562057632E10
-4.8549922E10
5.6125702528E10
6.4084252352E10
-9.65757428E9
-2.9105878432E10
-2.3674675648E10
1.030106892E10
2.3054507968E10
5.522532488E9
3.9870433408E10
5.6943995912E10
2.8923003952E10
4.1602574216E10
-1.442918372E10
-5.065346676E10
2.1025665928E10
5.9299881456E10
-8.4275436624E10
-5.4223644E8
5.8484964448E10
-8.93671924E10
7.206445872E9
1.2830353264E11
-9.0497552448E10
2.587097372E10
-4.644723812E10
3.0989862448E10
5.8920138408E10
4.7180259336E10
-5.065530736E10
-4.0922074064E10
5.0810030664E10
7.01548352E9
2.9456424104E10
-6.0821180384E10
-5.245322536E9
3.2648210328E10
-4.829140572E10
3.89099702E10
-3.8469608296E10
7.5002951344E10
-3.262750024E10
-5.284146108E10
5.4487759816E10
-5.0045397696E10
-8.5638489392E10
1.3488891784E10
1.7523654064E10
-8.2802446128E10
2.2564553016E10
7.2763190456E10
-8.7874172368E10
-5.048218216E10
-2.3138648568E10
-1.4546633264E10
-2.3087628496E10
2.9184737424E10
6.85185838E10
4.898836432E9
-2.344780976E9
1.3942264616E10
-4.519325272E10
5.0490472264E10
6.99116382E10
-3.880615792E10
-3.490938552E10
-1.496426492E10
-3.318981912E9
-1.809762748E10
5.1456067256E10
2.1095317288E10
1.2678964296E10
-4.687046516E10
-5.8864575272E10
6.2433210456E10
-7.039846664E9
7.62952156E9
5.431204232E9
6.3650923928E10
-4.985915912E10
-2.0929431672E10
2.8596539064E10
3.8229124832E10
5.317657988E10
-7.862151812E10
-9.3306151144E10
3.0374139936E10
4.717157356E10
4.648427944E9
6.898154344E9
2.8385765344E10
-1.454309624E9
-3.4664601544E10
-9.5758625808E10
5.4111727728E10
-1.675722364E10
1.234567656E10
9.1521688E9
-1.02528581E11
-4.6264051792E10
5.0445332768E10
-2.9969122128E10
-9.0488595992E10
4.133491432E10
1.20476172392E11
-8.7117979264E10
-2.035424344E10
-2.866520572E10
-5.933951424E9
-7.0602291104E10
2.5836527312E10
-9.8611827264E10
-1.27019065368E11
-1.1312567096E10
-3.0704794592E10
9.694992592E9
3.671319032E9
6.133733832E9
-1.7270486984E10
-6.824568872E9
-1.7105435888E10
-1.53147892E10
1.4054180704E10
8.9217030272E10
-4.0143322384E10
1.7555780712E10
4.495966912E9
-7.3528661904E10
4.6412514048E10
1.19174168568E11
1.0174429256E10
3.1195645536E10
-2.4289685856E10
2.2629359008E10
5.2835712456E10
5.3829955E10
-5.9417711752E10
4.7097999512E10
-5.0376062992E10
5.8107804456E10
-2.3529946896E10
1.9196424648E10
-1.1329110976E10
-7.331504976E10
-8.970761616E9
4.373820456E10
-5.7402999768E10
-2.0505937888E10
3.530150968E9
-2.2280911592E10
-5.4543187768E10
4.0227915512E10
3.8362454704E10
-1.07771573808E11
3.223207392E9
8.7755253824E10
3.25513148E9
-4.6501090928E10
1.2733306792E10
1.21423085192E11
-1.558099008E10
-5.0091542488E10
1.15332770672E11
3.469991344E9
7.915897592E9
-5.4793101968E10
9.1212479464E10
2.2143888712E10
-3.3968185824E10
-9.7071292704E10
8.1481702176E10
-1.2347373896E10
8.4244251416E10
-5.394401912E10
7.0418787648E10
3.9572587632E10
1.7360372608E10
-3.735091884E10
2.142220968E9
-9.0232752168E10
1.00727998E11
2.104603308E10
-3.7299238344E10
6.5913436936E10
4.7711081896E10
-3.230959896E9
-4.875054992E10
-1.10124496456E11
9.45415928E10
-5.901601096E10
6.692683072E9
-8.9611292112E10
-6.1274031336E10
1.5574820992E10
6.6974265272E10
-1.04880175504E11
4.812747816E10
-3.6379432496E10
-5.6318995616E10
8.874704E9
1.9328620456E10
-1.7738344624E10
-2.0043552848E10
3.6739122712E10
-3.042067376E10
-4.867275596E10
3.2127095624E10
2.2450038096E10
-1.3798156096E10
-1.7705559096E10
9.1695786656E10
1.48889135416E11
-2.1659194608E10
-9.935715292E10
6.3699350016E10
-4.7928656344E10
1.16072872E8
-9.2060075464E10
7.1353939368E10
9.5920189184E10
-1.58262756536E11
-1.1479566696E10
1.5818102064E10
-2.5548428624E10
-5.51328776E9
1.21918120008E11
-5.1220163376E10
-6.773870168E9
-1.9064122856E10
5.0766310024E10
-4.735347184E9
1.3769894064E10
-4.5664322352E10
-7.1801314376E10
6.484427008E10
-4.017564548E10
-7.2537448056E10
8.9984910616E10
-1.032656328E9
7.529510704E9
-1.3761202224E10
-2.186245348E10
-1.9470169232E10
-3.181794192E10
5.8543860528E10
2.0194454744E10
-4.277247816E9
-9.9808355728E10
2.833679504E9
-5.8304740704E10
1.39336049376E11
-6.8404389864E10
-7.6157929216E10
3.3063327728E10
-4.4614282112E10
9.1757893152E10
1.420549192E9
-6.144757328E9
-2.783083392E10
-8.462352576E9
7.9409062944E10
6.731400072E10
-4.6219737024E10
4.3703116752E10
-8.2135091224E10
-4.232103352E10
1.11655923256E11
9.796677936E9
-5.4027364784E10
3.133436456E9
7.0670019E10
-2.7248870072E10
6.4738254832E10
-5.0110517776E10
9.197918928E10
3.5913462896E10
-5.438165184E9
-7.7961389296E10
1.7789273248E10
1.34121639632E11
-6.595955236E10
5.2620700472E10
9.295671868E10
-1.16976814648E11
1.7422660552E10
-1.677265688E9
3.5552499496E10
2.1436072616E10
2.3021919488E10
-6.5548241024E10
5.9082825208E10
4.5726783256E10
8.771233312E9
3.150459656E9
-1.8854990928E10
-4.6038737144E10
5.8584003648E10
-6.8072331672E10
3.561117288E9
-5.9350099856E10
2.215991032E10
-1.7651578504E10
3.0534660608E10
-4.9019301176E10
2.3852489704E10
-5.3938179192E10
7.553519044E10
-1.9198178308E11
1.808484692E10
9.3593936608E10
-2.0587672872E10
8.4660378928E10
-2.6474247704E10
1.0661133256E10
-1.4232810616E10
-8.722980008E10
1.2072085864E11
-2.156229384E9
1.266467224E9
-2.7197458232E10
4.260333432E10
-1.0584210296E10
-3.1532866024E10
2.9231558752E10
-6.714993528E9
-6.621784248E9
-7.0716864E9
-1.640308764E10
-2.0767419104E10
1.5719306656E10
5.052489576E10
-7.7262457448E10
1.7084098464E10
9.234826592E10
5.9986419176E10
1.9583768064E10
-3.0851290952E10
3.6962973056E10
4.9828818408E10
1.0431502264E10
-3.346196868E10
1.682950328E10
7.7422872176E10
4.19116412E9
4.7315000432E10
-1.09594961416E11
5.7224680064E10
8.2744434912E10
-2.113716488E9
5.931040272E9
5.2966736376E10
-1.9886515904E10
1.7358708072E10
1.4998833E10
2.2984481976E10
-1.6204200784E10
5.7710709272E10
-7.36396016E9
-1.8187687528E10
-6.5657541232E10
6.1589478872E10
-8.720344768E9
-1.3095897728E10
-5.537185832E9
-6.511477188E10
-2.49968696E9
-4.2814341368E10
6.0606629248E10
3.134320636E10
1.16445340704E11
-1.05048877032E11
-6.7912401136E10
2.760998756E10
9.2149262344E10
-2.07630926776E11
-5.201825248E9
1.05808104768E11
6.5792424E8
1.267206268E10
1.672924116E10
2.7440352096E10
3.1197442528E10
-3.5256477192E10
-3.3690085584E10
7.432433908E10
-8.52329572E10
-2.6184521824E10
3.591718368E9
1.0073685104E10
-1.61178090376E11
-2.4935626528E10
3.007645128E10
-3.830912404E10
-4.4067615288E10
8.0595098184E10
-9.5485068016E10
4.626681116E10
8.697598816E9
2.9263062856E10
-1.01262233568E11
-4.3948480904E10
-4.02880248E10
-1.5708449832E10
2.5390520632E10
3.038561984E9
-2.7528369432E10
1.3869402352E10
4.391546532E10
-6.7669897512E10
3.7788763504E10
4.5287930112E10
-1.1819083608E11
9.2412017808E10
2.139808904E10
-3.3284315904E10
-8.55052724E10
5.1716790816E10
1.6973571136E10
-1.3900567944E10
8.59933162E10
3.2707086688E10
-7.0201611192E10
-1.7527402416E10
-3.4787272472E10
8.7526016336E10
5.3749803592E10
3.2652907912E10
-3.6832749688E10
-3.8715763216E10
6.291695288E9
-2.4142250288E10
3.2937436248E10
7.330336696E10
-5.5211510384E10
-5.6773240696E10
-5.1539022456E10
-9.22992272E8
-1.6164187248E10
-2.9797378928E10
4.1146680216E10
2.3694006552E10
7.7213348968E10
-5.43263876E9
-4.935931048E9
3.691765176E10
4.1883349336E10
-5.1456227248E10
-1.524921884E10
-3.6050095728E10
-2.6882650408E10
3.089918044E10
5.849130584E10
-1.57207271096E11
1.9736295896E10
1.05120854768E11
-8.0720193256E10
-1.075413448E9
2.223576356E10
-7.1618055232E10
2.9964464984E10
-1.2687732256E10
1.5753180992E10
-1.0472138344E10
6.8136661256E10
-5.2813711544E10
-1.07549567912E11
8.1305827008E10
7.2196863224E10
7.1751825496E10
-3.0712655368E10
-3.3646773432E10
-6.8738204376E10
-2.7137509384E10
7.9201609496E10
-5.3261921224E10
1.6203654944E10
-6.21765498E10
6.066756904E9
-4.3762478016E10
6.0387886616E10
-1.698913956E10
-9.474338512E9
-7.610193656E9
-7.619801472E9
1.340706144E9
-3.5358525664E10
6.5714031584E10
1.036783404E10
4.4219293032E10
-7.0844195792E10
-4.7223934216E10
-1.9411216024E10
3.6075201472E10
-6.0915350256E10
9.2400596024E10
-1.994281664E9
-1.65830781208E11
6.3688172648E10
-1.205246248E9
-9.5187233296E10
8.5950022584E10
8.9336354432E10
-2.5776078552E10
2.3061863448E10
7.6067532824E10
-7.1674131656E10
-1.5120981552E10
2.5283054592E10
-5.5502777816E10
-3.1726970888E10
-2.4578888768E10
-8.753117404E10
6.5980727848E10
7.9683434984E10
-1.57289730824E11
1.7405082016E10
3.7405058936E10
3.22005692E9
4.0878527792E10
-5.631986512E9
5.9019308168E10
-2.686225336E10
2.4300813152E10
-3.3524641456E10
-1.0512432224E10
9.090877664E9
2.8773412928E10
-1.05854052E9
-4.230542548E10
3.6451206704E10
-8.469007008E10
6.8785204912E10
5.278941604E10
6.7450530232E10
-4.276179024E9
-2.828458944E10
7.411991728E10
-7.506843556E10
2.6169973216E10
3.6550836496E10
2.6680651432E10
-5.039955888E10
-1.090489788E10
-7.6959633336E10
4.49764544E8
6.9460403504E10
5.377318568E9
1.590839568E9
-5.2035546656E10
2.3937947112E10
-3.1898075976E10
1.728705784E10
6.7094236376E10
-5.4172384512E10
5.137188684E10
-9.4748606568E10
3.6867857928E10
-2.33947362E10
2.8889503536E10
-1.676990416E10
7.4318816136E10
2.4470351512E10
-6.0863598904E10
-2.4505338912E10
6.417143304E9
-1.325734672E10
-2.434914472E9
-5.379877876E10
-1.7888667696E10
3.5615784632E10
1.474373488E9
-1.335597408E10
-1.0030852056E10
3.2215834784E10
5.0287083712E10
-1.70252085512E11
-5.8319695664E10
1.07938655336E11
-9.6449585416E10
-9.871797888E9
8.1184848968E10
-3.523753344E9
-4.0039918656E10
-2.8667800184E10
1.4360171872E10
-4.4030377872E10
-4.6928267128E10
6.1467289824E10
-9.711080948E10
2.456436828E10
7.762085632E9
-3.0119839872E10
1.1532082256E10
5.827055628E10
3.342239568E10
1.1905725672E10
-6.0292584016E10
-5.661491496E9
-4.4155582408E10
-5.4249324E9
2.3649038624E10
2.2590685984E10
-5.2286095808E10
5.539565368E10
-2.2092593312E10
7.422319176E9
-5.4180756632E10
-1.912892016E10
-3.7217986024E10
3.8639109864E10
-9.954104864E9
-3.7512288016E10
-8.3769236712E10
5.793733028E10
-2.3293694216E10
-1.8678860032E10
9.1332549272E10
-5.478670144E10
-7.4031552144E10
-1.5391039808E10
2.0737827672E10
6.081907936E9
2.9911692568E10
2.9534839704E10
7.9256968296E10
3.52792376E10
-4.3408838936E10
-4.0733341664E10
3.7401457208E10
-9.2414425248E10
8.9799850064E10
-1.1071519576E10
-5.501575976E9
-6.1064967336E10
1.177600724E10
-3.69547612E10
-4.28852124E9
4.661369912E10
1.123083884E10
-4.0741573872E10
-1.0633599528E10
-8.364001984E9
3.2416055496E10
-5.928227664E9
-3.172519544E10
4.8505207392E10
-1.38996196E10
3.032276488E9
-1.874097624E9
-1.108682968E9
-4.7214728008E10
1.14542092008E11
1.9294905592E10
-1.51816268704E11
1.1740889292E11
5.7787662624E10
-3.3232993904E10
-7.6648965104E10
-5.4591030616E10
5.61524052E10
1.0647157696E10
3.7407758456E10
-1.122146968E11
6.3475556856E10
4.762043396E10
-4.029512356E10
-9.381425856E9
3.3020265976E10
-7.4101370976E10
-3.3019928568E10
2.1199212032E10
8.868333544E9
1.8705110328E10
1.0191187508E11
5.1717874176E10
3.8849235E10
-4.9074897768E10
8.0894400752E10
2.1178514408E10
-4.6140564232E10
1.05405051408E11
-8.0554107688E10
-1.06605941344E11
6.0836955712E10
-2.4778516E8
1.8894303536E10
-4.9953614304E10
-2.395569768E9
-8.8394178008E10
6.5612832024E10
-6.4876541856E10
6.9295985608E10
-7.658978552E10
-1.3356725008E10
-1.0352948036E11
1.08729127032E11
1.9663392456E10
3.978845192E9
9.6502224184E10
-2.190708824E10
-1.5092080528E10
3.092013256E9
2.242779616E9
6.9667149416E10
3.2432990352E10
7.1336524352E10
-7.7337305032E10
1.0689645128E10
3.1555937376E10
-1.1587336152E11
6.4522565032E10
5.922076904E10
-6.2533309024E10
4.2178745832E10
1.64076494984E11
-1.9994582616E10
-3.7270979368E10
-4.413128512E9
-5.8891995936E10
3.0185395432E10
-4.5416334832E10
5.2529932768E10
-3.39043816E8
-6.0241379736E10
5.548662448E10
-5.8877130816E10
7.7211297528E10
2.4172215776E10
-2.587154464E9
-7.5195863896E10
-9.509206112E9
7.288937432E9
8.3851503592E10
-3.116954504E10
4.046801472E9
4.2044822368E10
-4.9384597656E10
-8.8056680088E10
4.2344546848E10
5.1380820336E10
6.0819690512E10
-2.777260184E9
-4.8935048592E10
-7.066854368E9
-7.8923231368E10
6.9002225592E10
-6.049994304E9
-3.7858229296E10
2.2184779696E10
3.0058124304E10
-9.6158643264E10
4.90373284E9
1.09269584208E11
-3.5573974112E10
-3.2510496088E10
-2.5958577336E10
4.0734987784E10
1.6984882064E10
5.3960384184E10
-1.061103192E10
2.304539516E10
6.5505076368E10
-8.7463240272E10
-3.5771806192E10
1.8046942664E10
-6.976663152E9
4.5995444448E10
6.05106918E10
3.3807239632E10
3.2927632856E10
2.0248652368E10
-6.113879312E9
5.2009948536E10
-1.4088133872E10
5.9032379136E10
2.6049072272E10
7.3273165272E10
-7.2410104304E10
4.0668289376E10
-4.2428977208E10
-6.6695967216E10
8.0810346512E10
6.2618049888E10
2.9249896064E10
-4.9157767224E10
2.9716593272E10
-9.17485128E9
8.7173642216E10
-4.1611511128E10
-1.9673444048E10
-1.1370817696E10
-2.4129668248E10
2.6839140976E10
-1.482013176E10
7.1843155632E10
3.2013133752E10
-1.758732508E10
4.9176120728E10
-2.4116826888E10
2.267728984E10
-3.4308702352E10
7.8447980736E10
-1.402196616E9
2.8649929144E10
7.1090411384E10
1.882307672E10
-1.7246567976E10
4.5010709336E10
3.671187568E10
3.06346776E10
-3.7252310472E10
1.05467686256E11
-6.3283527992E10
3.202591072E10
-6.152635592E9
3.913542836E10
-1.09148440704E11
1.29909981824E11
-4.8116949272E10
4.2503091704E10
5.1979671064E10
-1.6974059176E10
4.8374227072E10
2.5553218032E10
-4.3844087072E10
-8.664703664E10
3.3823757024E10
7.94515504E9
2.789286908E10
-4.0968419872E10
-6.0860670744E10
-2.174215888E9
-7.9268551416E10
5.5121869584E10
1.41824138864E11
1.227748992E9
-1.0232261824E10
-4.4307229544E10
8.9567185288E10
9.443499384E9
-2.160760292E10
3.25454312E10
-7.2575309528E10
4.8926934024E10
-1.10419267848E11
3.4525837496E10
6.1032783584E10
2.1293843928E10
3.332095004E10
-3.5535282496E10
-1.1437171464E10
7.8486582E9
1.43834538512E11
-2.641200772E10
-5.4731482632E10
1.4348079672E10
1.825752244E10
4.873353512E9
-7.2428891056E10
3.7249743064E10
-1.1272596432E10
1.17591488328E11
-2.3465081984E10
-3.841631544E9
1.8288199552E10
6.9285285664E10
5.793221832E9
-5.8877965352E10
-4.2600652424E10
-5.5056080984E10
1.5087334984E10
-1.7468745864E10
4.3642611512E10
-7.855982836E10
-6.4411769632E10
-5.5896663168E10
6.42626932E10
2.7122703152E10
4.4708796712E10
-1.4129117024E10
-1.1844038512E10
-7.692137984E9
-3.6221436104E10
-2.0070484152E10
2.4173370536E10
1.2640627568E10
-6.2167376976E10
5.9987766912E10
8.0591460768E10
-5.9736109216E10
-6.4118502376E10
1.1593907824E11
-9.2938093208E10
-7.841675672E9
-3.8921511664E10
-1.302914688E9
-2.446811016E9
1.4696878576E10
3.700071296E10
3.2602470224E10
5.4836153864E10
1.0547922896E10
6.6839609536E10
-2.490653996E10
4.1792024416E10
-4.4050500736E10
9.0128572E8
-4.0039070104E10
-1.7616775224E10
-2.2133312816E10
-2.7912355192E10
8.1287828872E10
-6.5610646408E10
-9.690657408E9
5.9379976128E10
-6.814929808E9
-5.5094170464E10
6.0558777384E10
-5.5447251528E10
-4.968706624E9
-6.575141508E10
-6.398167904E10
7.095148624E9
-1.1485820576E10
-9.41428392E8
4.6493294016E10
-4.0520245048E10
5.5164911216E10
1.6452077592E10
6.006377048E10
-6.6468576464E10
6.5722695576E10
-3.6055289888E10
4.6320386648E10
-5.8091243384E10
-2.6584449712E10
-7.6251891328E10
2.6705321824E10
1.8374447064E10
-4.770051512E9
1.7556704768E10
-2.15662622E10
-2.333279584E10
-2.7024986472E10
1.3076796096E10
2.365635736E9
-5.0410673928E10
-3.4175263432E10
3.612517232E10
2.90807202E10
-1.0493384816E10
-3.8627312032E10
5.9007294728E10
9.737345832E9
-1.9817908712E10
4.1452179384E10
9.880356532E10
1.402293876E10
-1.43299902E10
-6.4317322928E10
1.7206646272E10
9.690396488E10
-6.1696094688E10
-3.1064552792E10
8.7701854576E10
1.3526719016E10
1.3013452844E11
-9.242832916E10
-5.7072781864E10
6.6929610496E10
-1.07876642904E11
9.5111407912E10
1.4120249664E10
5.02740856E8
5.1739589408E10
-3.9984649264E10
4.3745188888E10
2.9340338864E10
-2.706816288E9
9.449581752E9
-1.353074E9
-1.259130544E10
8.0889971168E10
-1.5512084952E10
-3.8519003016E10
5.7756317E10
4.0779007064E10
4.7722120832E10
-5.2562786104E10
-7.121174664E9
5.789772004E10
-2.6211614232E10
-5.2592405832E10
1.3020582584E10
-2.405591096E9
-8.1197748792E10
2.2149832032E10
5.5545124552E10
-2.10366912E10
-9.4475191296E10
-5.96850484E9
3.8266748848E10
1.0666062632E10
-3.9254509168E10
8.8536305944E10
5.807666624E10
-6.8753199488E10
-5.7158762752E10
5.4205929848E10
-6.702880072E10
-3.924385456E10
5.186445684E10
-2.0214290928E10
-3.4848061296E10
2.1214793744E10
6.8394465136E10
5.724299032E10
-5.2368088312E10
6.4914130128E10
3.6976847936E10
-1.30006325E11
9.7966249432E10
6.6943877624E10
-2.845025268E10
-8.3627631048E10
8.3409237536E10
1.3056227008E10
-5.4728191912E10
-1.11839917064E11
6.4191294936E10
-8.9434705744E10
-7.3496008168E10
-5.4084953656E10
-5.290681916E10
4.0434720992E10
1.52838398E10
-7.971781976E10
1.2282831112E10
4.4973268392E10
3.1633534784E10
-1.53555207032E11
7.4170293088E10
-4.6459666128E10
3.6133438936E10
-1.6361228072E11
-1.0032122048E10
1.2575684992E10
1.7095923208E10
-5.772126288E9
4.3635084264E10
1.05522680024E11
-7.7296330032E10
-3.97825468E9
9.465223544E9
4.0317685704E10
1.53353276E9
-4.297847416E9
3.7881353488E10
7.1496463672E10
-1.3918142664E10
-1.02965737344E11
1.18764106608E11
1.1368818936E10
-4.4621925656E10
1.49941172616E11
3.77546164E9
-3.43991412E10
1.14896118408E11
-1.603341376E10
-2.3030625512E10
5.50541576E9
-4.0222132664E10
-9.907728992E9
-1.4635761824E10
-2.6342470272E10
-2.3230923712E10
8.7806245664E10
-3.708924032E10
-6.5065435424E10
-2.8343832112E10
8.7294595856E10
-1.1025343588E11
3.184043976E10
7.2496524736E10
2.359955248E9
-1.06136354632E11
5.2992015328E10
-5.1147288384E10
-1.1248601608E10
3.8195817824E10
-5.0894935088E10
1.4116929E10
-2.1077997992E10
5.0879012968E10
6.4937294616E10
-1.72081756E10
-2.7255761704E10
-2.1925120128E10
9.8790352528E10
-3.789235108E10
-2.217298312E9
-5.5754351048E10
6.593730656E9
-6.916172688E10
2.69644038E10
-3.2655671208E10
-1.043295704E10
-3.3689544024E10
2.4839935936E10
6.07740096E8
8.786999948E10
4.7760108672E10
-4.925203712E10
-6.9739393192E10
-2.1930028928E10
-1.4896938456E10
8.8692062944E10
8.0516375552E10
-2.8516042416E10
4.3437226E9
3.7793058432E10
1.893980416E9
-5.95816032E9
-5.7042157064E10
3.0163450464E10
2.7296048048E10
-8.8595875536E10
5.9674606712E10
-1.24537322456E11
5.8522608896E10
1.7272970432E10
9.729656912E9
4.0952696368E10
-5.126507776E9
-8.0855267504E10
9.0488782024E10
-1.4833311832E10
8.824181728E10
-9.6300566776E10
4.2191428368E10
1.4056638832E10
1.4399551864E10
-2.3434107056E10
-4.8633489344E10
3.0075982352E10
1.0885096024E10
-6.1495810456E10
3.461017776E10
6.5270419728E10
-2.1419375696E10
-5.4739316832E10
8.2394505888E10
-1.32862112424E11
6.667363608E10
-2.2097921568E10
-1.32966997408E11
1.30866224688E11
-6.2786275368E10
-1.9949601072E10
5.438498944E10
-1.784206656E10
-2.565923456E10
-7.8463267672E10
3.022469864E10
7.378934832E9
-1.4452130432E10
3.5582898912E10
4.6286675264E10
-2.375670788E10
3.4751735376E10
2.0045283816E10
4.680376944E9
6.5596042448E10
-8.1321759176E10
8.405081088E10
-1.03512199728E11
5.7459832576E10
7.5059438128E10
-4.9365999936E10
2.1373846912E10
1.3461208184E10
1.9420141408E10
-4.7375886408E10
1.1692256424E10
1.00076103128E11
-7.0719169224E10
4.489780384E9
3.0094229528E10
-6.5932178536E10
5.400028976E10
-5.9585558824E10
-2.4616432656E10
6.785135308E10
-2.6419297344E10
-1.0015367448E11
6.7315118896E10
-2.3176134608E10
-7.5037720344E10
6.1520783448E10
-1.09241621456E11
4.7266840184E10
-3.3022918944E10
1.190265992E9
3.2399543944E10
-3.842808648E10
3.863176212E10
6.9765597312E10
-6.410480668E10
-6.812010352E9
-6.0198863608E10
-8.639335952E9
2.5267647816E10
4.4756356376E10
-1.4790406464E10
-2.2311755304E10
3.0595137664E10
7.8409199256E10
-1.3729960872E10
6.9873316504E10
2.2933269976E10
-1.7528444264E10
-6.2354953808E10
2.9958343728E10
-4.89019372E9
-6.3135991864E10
3.4788193288E10
1.4300332664E10
2.6422792352E10
-1.080769448E9
1.26869853464E11
-3.4033181512E10
2.2898418552E10
1.8002958176E10
1.090807484E10
5.0084595336E10
1.0775670096E11
-7.081662536E9
1.9423947656E10
-1.3692615088E10
6.3197613192E10
-5.308199628E10
8.2403982872E10
4.9779750112E10
-3.3471196576E10
6.173719872E9
-4.5041906456E10
-1.4607964152E10
-3.3345862E10
-1.3936355568E10
-3.9267753496E10
5.460043708E10
3.5260879136E10
1.130306192E9
4.9310776576E10
3.3588532024E10
-1.02692633928E11
-6.7254224928E10
1.18928466952E11
-8.5213959928E10
-8.470312984E9
3.3278169024E10
8.050208192E9
-2.0200870392E10
5.4730864232E10
3.47001552E9
5.241011024E9
-8.2291045168E10
2.232633968E9
3.4026690488E10
9.0111315792E10
1.7280472432E10
-3.96912704E8
4.7648160864E10
6.2635117576E10
-1.56576837416E11
4.6630332016E10
2.9549929704E10
2.82104128E9
1.135662424E10
2.5470601736E10
-8.0638914984E10
-2.0230183008E10
4.4373924336E10
-7.5242299488E10
5.3833461E10
2.393074744E9
-5.736336604E10
-2.4889108128E10
2.0909293928E10
-6.1662279192E10
-7.3569292432E10
3.3027685976E10
-1.38033015984E11
6.0055606552E10
3.3201147328E10
1.606774708E10
-5.09613968E8
1.2644171032E10
9.451041128E9
5.184113132E10
-2.3948255496E10
1.1003377152E10
-1.1731917552E10
-4.838253376E10
8.4383900304E10
4.132583264E10
-5.8869984992E10
7.700465888E10
3.13600158E10
-6.0236246632E10
5.3255721304E10
2.4329310336E10
6.0385658888E10
3.9567976272E10
-3.4919694648E10
-1.36253348E9
6.44687104E9
-5.1734227336E10
4.6343081824E10
-5.9982070592E10
2.1217301336E10
5.9081263632E10
1.09287533592E11
1.5266421032E10
7.216978816E9
-6.855861704E10
-1.07088366E10
-8.390721512E9
-5.1155549696E10
-3.1284740784E10
3.7970891648E10
-4.5323235792E10
5.9786306928E10
2.9933184952E10
-1.26599300816E11
1.7586442664E10
-3.0219831296E10
-3.7446714632E10
5.9614532808E10
2.328591856E10
-2.0082096104E10
-1.44516370696E11
8.1883925312E10
-8.688768504E9
-5.6274782736E10
6.4341574008E10
-3.6730912608E10
1.372262936E10
-2.1338288912E10
6.2221171728E10
-2.6475755032E10
4.6007065392E10
-2.3127118216E10
-6.1451018352E10
3.8146043392E10
4.2630673952E10
-2.434019172E10
8.9049080472E10
6.9738734928E10
-2.2990998928E10
-9.88557746E10
5.54183124E10
-2.4233829536E10
6.6143419984E10
1.2002391168E10
-5.6037868288E10
-6.7610873992E10
-2.715798528E9
8.142926352E9
7.3166970864E10
-7.6809496656E10
8.498700824E9
-3.2219363896E10
4.7057111912E10
-7.9229893936E10
4.3056399768E10
2.6102915528E10
-7.2984597424E10
-6.135276176E9
1.256759728E10
-3.0158836704E10
-4.91267554E10
4.5499302864E10
-9.006553864E9
8.918663752E10
-2.3299867944E10
-8.7016223792E10
-9.8860925504E10
-3.89605944E9
-8.143650992E9
5.1659020288E10
6.0819803768E10
-5.253347228E10
-3.0051922944E10
4.0148307816E10
1.1629122632E10
-5.3229798232E10
-3.0935650416E10
5.053704068E10
8.1364826144E10
-1.60355576888E11
6.336110004E10
-5.2255122472E10
3.6297763624E10
-1.17186972088E11
4.348245604E10
6.1468894848E10
3.224009852E10
-1.1007517032E10
-6.3143144168E10
-3.5054213448E10
1.6234728192E10
3.119952812E10
-5.4373056656E10
-2.828646432E9
5.928451128E9
9.4965354136E10
-8.5697682944E10
-1.8917313256E10
6.8036840088E10
1.922219508E10
-8.17973752E8
3.5425773872E10
5.7031838152E10
2.1362565512E10
-9.926184732E10
-3.929702196E10
3.944645456E9
5.3566388792E10
-1.334166308E10
6.0644535456E10
-4.1147785928E10
4.912837872E10
-4.7539036976E10
-2.26364324E10
-6.1506459912E10
8.0398373552E10
-1.4795462272E10
-1.9042422048E10
3.925298424E9
-2.0797945744E10
-5.0114278616E10
5.6167324728E10
2.8163798032E10
3.5272584904E10
4.1265803136E10
-6.0463360064E10
8.270241056E9
6.79324952E8
-2.2101898768E10
-3.1755070504E10
2.000036512E9
5.46187752E8
-1.14146265656E11
-2.75992256E8
1.1926582248E10
-1.09244317728E11
7.4115896696E10
-1.0199646696E10
-2.7920598368E10
-1.16913284808E11
1.02102703584E11
-4.2523705232E10
-1.9120540712E10
2.0470202936E10
1.00317864E8
2.5601146832E10
-2.1717056664E10
-1.0747085928E10
1.1040099008E10
-4.7159069816E10
3.3357136E10
-2.1722817032E10
6.4278657888E10
-3.0061386752E10
-4.071617824E9
2.34766434E10
2.7967765712E10
-3.53743994E10
-5.912402448E9
-2.4875521112E10
-3.3097745528E10
-1.562999548E10
4.240787632E9
7.12044894E10
-8.430580952E9
-1.00055404216E11
-4.6769456368E10
-2.267861012E10
3.036412496E9
-6.4599920272E10
2.905266336E9
-2.9858222128E10
8.117496992E10
-1.10671230568E11
1.3151461104E10
7.5699773368E10
2.6607584952E10
-4.1208675136E10
-1.6881628384E10
5.2009891664E10
-4.371134784E9
-4.7441216752E10
-5.3490351664E10
6.607907984E10
1.1631184496E10
-3.53710328E9
-2.3140239E10
-6.786701456E10
9.674124472E10
-8.7534675048E10
2.9779839456E10
2.3706506152E10
-1.01922738952E11
4.382716316E10
9.9822494984E10
-3.4369076248E10
4.6208630256E10
1.6395817592E10
4.5697531736E10
-1.93526696E9
2.678210364E10
2.7018755192E10
-6.3479916856E10
2.3093568232E10
-3.1476187104E10
-2.686659712E10
-9.6165942896E10
2.8385690336E10
9.007886528E9
1.62737537176E11
-1.27450323488E11
2.8212669472E10
1.742030524E10
-4.1671342944E10
-8.3313537088E10
9.0599193768E10
-5.522679264E10
-1.17622801368E11
-4.3707959816E10
1.01040816096E11
4.921955552E10
-5.0627500416E10
-4.0883121608E10
6.6510500216E10
8.848502912E9
3.595797704E9
-8.698730916E10
2.8033063224E10
-4.7929261792E10
-5.6541225544E10
3.058305076E10
2.1020643904E10
2.2473925416E10
5.88404778E10
4.4665659016E10
1.212785424E10
7.0218766864E10
-5.027911772E10
1.1310531544E10
-3.5271536448E10
5.8712977872E10
-5.630216316E10
-5.4803140896E10
1.58147226E10
5.9813748784E10
3.837636616E10
-1.8003052088E10
-7.1269167336E10
9.9601386208E10
7.925871336E9
-7.3461095096E10
-3.0919441264E10
-2.670894276E10
1.713454616E9
-6.7686211608E10
4.5354129968E10
2.1547030288E10
-5.489817372E10
1.76665008E10
2.5405533584E10
-5.9560165152E10
6.5359644456E10
3.3038772824E10
-1.0061943056E10
1.0068842488E10
6.2717447768E10
1.1261901792E10
-1.6014929416E10
6.804089928E10
-8.6486644952E10
-9.097933216E9
1.8237084256E10
-3.4841755136E10
-5.3382570984E10
-1.7208204928E10
5.1516896848E10
-6.3145218944E10
1.74605848E10
-9.4665640632E10
3.2143691048E10
8.6814701528E10
5.6310881112E10
-9.329666968E9
1.6112412344E10
3.9531341616E10
-1.9827972192E10
-6.683813112E9
-7.21385268E9
2.3864039248E10
-4.303116016E10
5.4769419696E10
6.3095879328E10
3.8953706952E10
-1.2573666624E10
-1.345388944E10
-1.0203668616E10
-2.0441684864E10
-9.1362474368E10
-8.5431220848E10
2.2947763072E10
1.13045457208E11
-2.109628336E10
4.072005864E9
1.5288940528E10
2.0671350384E10
-3.2139288784E10
5.1816623112E10
-3.7218201496E10
4.2469316424E10
-1.9386763088E10
4.4801253312E10
6.7897314784E10
-1.481927448E9
-7.7241768344E10
-9.961939536E9
9.8554096944E10
-7.2422170136E10
1.7714922224E10
-1.9806010416E10
-6.88363424E8
-1.4866353448E10
1.80311558E10
6.1425458184E10
-6.5321913808E10
7.847294992E9
-4.85885672E9
9.572353508E10
9.5442518344E10
-1.9863326616E10
2.8365946048E10
-5.9174748392E10
3.4246227472E10
3.88767488E8
6.71689128E8
-1.1247687544E10
1.8950395232E10
1.4386305352E10
2.439276024E10
-3.7137808072E10
1.4955776E10
-1.19667917472E11
7.9117389072E10
-4.3518353872E10
-2.9800006424E10
5.117874912E10
-5.689855128E9
2.42249696E8
-7.899502916E10
1.1766239264E10
-1.8518063304E10
-2.783965728E10
1.20732402456E11
-6.6896389112E10
5.1287718736E10
-6.9148616912E10
1.5917657736E10
8.5017749832E10
1.9314843272E10
6.680950152E9
-7.18456008E9
-7.825914448E10
2.8278914528E10
6.2705433552E10
3.620198736E10
4.8388895192E10
-3.2383419152E10
-1.9220148576E10
-4.7543267128E10
-6.7751954712E10
-1.2072539624E10
-9.522952288E9
-1.0176459824E10
-2.811188544E9
-8.1629133784E10
1.26861670888E11
4.646089652E10
-7.415230408E9
-5.54339322E10
6.9716264016E10
-5.2921084032E10
-3.761619256E10
3.7402254112E10
6.7509725496E10
-5.633167536E9
-3.098100972E10
4.9288752816E10
1.442642244E10
3.115961024E9
-2.3962181824E10
7.2459161688E10
-5.2865828672E10
-1.27009411848E11
9.7719293192E10
-4.2848675624E10
7.6346382896E10
-2.4635388192E10
-1.172950448E9
-2.8711751952E10
1.02769491112E11
9.63718296E8
-2.1254906088E10
-8.686771072E9
2.3928055344E10
-2.6810636248E10
1.7773983512E10
-1.14727173552E11
-1.106969504E9
-4.6504497744E10
4.419723172E10
-3.6475561128E10
6.1601192528E10
2.287473096E9
-2.2952967712E10
-4.2151591704E10
1.007212292E10
1.00860014472E11
5.0478506104E10
2.2737598552E10
-7.6264786408E10
-4.7316852024E10
-2.9144025856E10
8.98515832E8
-2.1569316936E10
1.5822630552E10
-6.7903490176E10
6.919097568E9
3.619352032E9
1.531023788E10
4.86868312E10
-1.536686688E9
-5.9382152712E10
8.320912848E10
-3.3540317968E10
1.7878647848E10
5.518421748E10
8.6050785352E10
5.2153665136E10
-1.2454946968E10
-8.84616846E10
5.4906808064E10
-1.9379535896E10
-1.0563163112E10
3.24532064E9
2.403401528E10
-8.85231824E8
-1.0319911488E11
-2.7868923648E10
6.5420449304E10
6.780181904E9
-1.6617241736E10
3.7838635392E10
6.1979033256E10
8.287881648E9
-3.4364420952E10
6.7904838104E10
-5.5810338432E10
-6.2887470648E10
1.3963488304E10
-2.58921298E10
3.981498904E9
-2.3487332336E10
8.70516956E9
4.8461040248E10
5.7199298808E10
-1.204312672E9
-2.7209224552E10
2.1287169032E10
-3.2238167576E10
3.1389920224E10
6.64107476E9
-8.8612293552E10
-4.9580728352E10
3.2776343192E10
6.120685824E9
-3.3901360744E10
4.213739848E10
-3.4009593752E10
7.842944344E9
5.873957044E10
-5.180226292E10
-4.57539728E9
-5.1769080912E10
8.8877718072E10
-4.20667982E10
2.3562886912E10
-3.7953012952E10
3.2623564232E10
1.4172958872E10
8.2073450528E10
-6.4906458344E10
-2.438164676E10
-1.4111212608E10
7.871235136E9
-9.157657032E9
1.1077025552E10
-2.4977247288E10
-2.238345056E9
-8.1307011672E10
1.1080199264E10
3.100799956E10
-4.0646627592E10
-2.6916171936E10
2.6260041008E10
3.9975897944E10
4.6365524352E10
-8.887837332E10
-1.8260328616E10
-1.371571324E10
-2.7707346344E10
-7.8192621256E10
1.1089285048E10
1.015397592E10
2.9158684352E10
-4.208011724E10
7.14445544E9
-8.5284280808E10
1.27256751872E11
-5.7169658768E10
-3.676357008E10
4.9730458344E10
-7.886423724E10
2.710669784E9
8.182014376E10
-1.19544122064E11
1.7449848776E10
1.3675901792E10
3.9775652E8
-6.3141137024E10
3.2748430032E10
2.3241220104E10
4.6616985304E10
-4.772481464E9
-1.2998809592E10
7.1147435272E10
-1.5776074784E10
-9.9531406E9
-8.2813363056E10
-6.056543152E9
6.058444688E10
1.369298592E10
-6.3291024272E10
8.1656159352E10
-8.3126528136E10
3.1548191624E10
3.617866096E9
3.5073333688E10
2.6135679864E10
-2.7036558712E10
-3.986763328E10
-4.4769868584E10
4.6390004144E10
-5.0972210736E10
-4.019156508E10
-8.733246816E9
6.9600099272E10
-6.0542584328E10
7.8803000144E10
4.6198020608E10
-3.5296453472E10
9.02725004E9
4.4081246904E10
2.3935139232E10
-1.03528029328E11
4.0916980768E10
8.4832617632E10
5.5905417912E10
-7.2141805168E10
-1.550162864E10
1.8552196696E10
5.265682768E9
2.0814332072E10
-6.6015173352E10
6.1167922208E10
-1.766082904E9
2.5414387344E10
7.5725216536E10
-4.374931636E10
4.017325756E10
-2.7628917096E10
1.5248492104E10
-7.3261457496E10
-1.2895512896E10
-1.702975984E9
2.0388898272E10
-1.7092250472E10
-4.5768083848E10
-2.1172474624E10
5.7301212E8
-2.7154836E9
-4.995319584E9
2.069574504E10
-1.237077768E10
-2.725855136E9
2.3394443872E10
5.3254291104E10
-5.7993324648E10
1.5333339912E10
-1.6948263288E10
2.6882533376E10
-1.5569556832E10
-1.7942007664E10
1.9890201208E10
-3.1294844384E10
5.3461539496E10
-3.6136071584E10
-2.671617608E10
3.0787840136E10
-3.1374904368E10
-5.09370664E10
1.20381201872E11
8.5000460984E10
-4.791156176E10
5.3917397192E10
1.754784064E10
4.8124852592E10
4.974242944E9
4.1124579064E10
-5.9376053112E10
3.906966184E9
-4.8189596928E10
-1.224096508E10
6.76760312E9
6.249474456E9
1.6523151496E10
-5.0894535448E10
-2.276381636E10
-1.1599702024E10
2.0443017784E10
4.2375493088E10
-5.8160521688E10
-6.988478728E9
-9.9728920456E10
-4.482136896E10
1.190460312E9
3.4241198192E10
2.3016053816E10
1.900998884E10
6.29430564E9
-4.5224539704E10
7.455233488E9
-7.073678408E9
-4.6934486184E10
3.6454680376E10
-1.1027155712E10
-1.8152578616E10
-1.2101070864E10
8.6191443312E10
-5.586030016E10
-5.0426734928E10
-1.8094127208E10
-7.034596008E9
-4.4513660728E10
4.0589237928E10
5.3029532664E10
-2.5055257552E10
-3.5493943824E10
8.15147388E9
-1.2795420056E10
-3.7119591016E10
6.8867840264E10
3.9790155432E10
-7.3079308984E10
1.116371696E10
-2.382593656E9
5.608574616E9
5.958780392E10
-8.4463447224E10
-5.636341588E10
5.2898859768E10
1.917910672E9
-3.2122431888E10
5.4008846384E10
1.7839756264E10
1.5557714008E10
-1.03195049768E11
3.1492096288E10
-2.3151053624E10
1.0686878432E10
-1.3881455064E10
6.6520713832E10
-1.26117984896E11
5.855235292E10
-3.7955023608E10
3.7010631376E10
-3.192282648E10
4.9171879776E10
1.1872136152E10
1.080004384E9
5.2167063472E10
4.9294933168E10
-6.0172111272E10
1.3027446744E10
-9.4436664064E10
5.3785594704E10
2.1622624432E10
-5.0231054E10
-2.3074142432E10
4.196620272E9
9.259205232E9
1.8350002592E10
5.4417927408E10
1.2539845464E10
-4.4286865072E10
-2.7384446176E10
-2.3509369752E10
1.0178398816E10
5.3637184E8
1.0236825408E10
-1.15518117776E11
3.57595014E10
5.063714376E10
-9.2105269648E10
-1.9817994152E10
-1.8255932104E10
9.7360126928E10
-8.305692916E10
7.3713664024E10
-2.9406425376E10
1.4013409552E10
2.1074975416E10
2.0237686456E10
-1.09697733664E11
2.338560632E10
5.1226245992E10
-6.3227598168E10
4.399635916E10
-2.0567337392E10
2.821063132E10
-1.3205530872E10
-3.1379513536E10
2.8706534384E10
-1.3188615992E10
6.559012608E9
-6.6958370856E10
7.047951304E9
7.7317796312E10
3.8266570688E10
1.01074324112E11
5.097659332E10
-6.2426779712E10
-2.5383655728E10
8.8189092808E10
-2.9624696768E10
3.7627639392E10
-8.4070617656E10
8.0320942568E10
3.0687159168E10
-5.9570992592E10
7.1960832808E10
1.9287362088E10
-1.47264847632E11
8.8608084312E10
-3.9660301824E10
3.714613016E9
1.9438548176E10
2.919770772E10
-9.58079052E9
-2.7670885736E10
7.5870883792E10
-7.914513628E10
3.251806888E10
1.21455607336E11
-9.8175968832E10
-3.8426782896E10
1.814709128E10
4.8081257264E10
2.6989410536E10
1.3052679136E10
2.4255952712E10
-8.015567852E10
-2.5925891456E10
3.9740510128E10
-3.5953803992E10
3.8621249176E10
2.5262593584E10
-3.7864530144E10
3.215578256E10
-8.977175968E9
-3.5715266928E10
-2.018704808E10
6.5266815816E10
-1.948724296E10
-3.4306961096E10
3.0353914512E10
-1.4216508504E10
8.070377404E10
4.9534021368E10
3.0698216792E10
6.360255616E9
-1.3617691536E10
-4.4186970584E10
-7.0642315664E10
4.2937958432E10
-1.4235971496E10
-1.1564179544E10
5.156485328E9
-3.2291435648E10
-8.299027864E9
-3.51564726E10
5.372551284E10
-3.397305496E9
2.0754654224E10
-4.5936815104E10
1.24485171688E11
-1.9953281664E10
-4.9210681392E10
4.8911397576E10
9.935966952E9
-5.8560404984E10
3.8180864152E10
2.0808510248E10
9.346126552E9
-1.150516504E9
-1.11263962E10
7.83857976E8
4.83700218E10
-3.5895298552E10
-1.7395613552E10
-1.3087990264E10
-1.5468558312E10
5.5557716144E10
-1.469661816E10
2.4258996528E10
3.5468515216E10
-2.5409207424E10
-2.5011358832E10
-3.3056925792E10
2.6527066432E10
-4.692741084E10
1.0240245592E10
-2.6568628696E10
1.23497078072E11
-4.7840811872E10
1.0306542376E10
2.1189009784E10
-8.497283368E9
3.2459574536E10
-2.927649352E10
2.1711241136E10
-5.331557388E10
-1.17703341664E11
3.7989023912E10
4.3336935968E10
-1.28174101176E11
2.9792037176E10
-5.2817508112E10
2.2764790176E10
-7.20926208E10
-9.24949724E9
3.0276215176E10
5.670059496E9
2.0798439248E10
6.2100510968E10
-1.668179496E10
8.778484192E9
-9.582705616E9
5.4835156408E10
6.4986213048E10
3.2835362496E10
-2.111802244E10
-4.4911236376E10
3.5703111632E10
-1.3771467704E10
-2.929925436E10
-4.907744668E10
2.62900172E9
5.7904980184E10
-1.07818530536E11
7.4528914168E10
4.855424904E10
-1.24716197208E11
-2.1794684816E10
-5.117752016E10
-6.682506E8
-5.164780432E10
5.1012906368E10
-5.992409712E9
-5.5459506776E10
1.6548616664E10
9.662569984E9
-1.1044729928E10
7.5976932976E10
1.5689533824E10
1.01182271872E11
-1.7724994864E10
3.578071184E9
-1.641732616E10
-3.8753678664E10
1.1224790816E10
8.606414292E10
-7.3840102568E10
1.2944375328E10
2.2726099032E10
2.6237694832E10
2.4895620696E10
-3.2095803536E10
-4.5449892512E10
1.8666076664E10
-1.0194059936E10
6.4412608768E10
-7.034228572E10
3.7157888208E10
5.4597409992E10
-8.1183955776E10
2.2245284016E10
2.7240676952E10
-6.4393319576E10
3.974128848E10
-3.1021421744E10
8.8675681616E10
1.6701914664E10
-4.848174864E9
-2.207703632E10
-2.5020189328E10
-1.14945178672E11
3.9540996328E10
-8.462016728E9
8.7565414192E10
3.0615424344E10
1.18019168E10
-3.6097229776E10
-4.3869622288E10
5.3282218808E10
1.83255468E9
-6.604053208E9
2.015037336E9
-3.061062744E10
-4.9340869512E10
1.310252264E10
-6.5718818928E10
3.7925481992E10
-1.22270536056E11
-1.789948012E10
-7.3032644528E10
-2.6708373016E10
9.799423344E9
3.4051173504E10
1.9191619304E10
3.576290448E9
-4.3687210592E10
-1.892288588E10
-2.8661702824E10
-1.2366204644E11
1.28984828528E11
5.163687804E10
-4.622386692E10
-6.28623036E9
6.6031544656E10
-1.1913361376E10
-3.5374863352E10
4.530345736E10
-7.146078128E9
1.8176606064E10
2.2191631024E10
1.9014762976E10
-1.12942673952E11
3.7959289768E10
-9.931388016E9
-5.2105187016E10
9.6316153896E10
-1.29048329512E11
3.1293540968E10
-3.0274733224E10
1.71872054E10
-5.8605501936E10
-3.1038005624E10
4.0537803192E10
-2.8923665552E10
-4.3547603328E10
7.950653136E9
4.56450796E10
3.217177032E9
-3.3184305352E10
-5.3537716448E10
8.7677151408E10
-7.57282878E10
-8.4942489456E10
7.2917442816E10
-2.457458464E9
-8.5305411512E10
5.0218922296E10
-5.3374259496E10
-1.6734227664E10
-3.6039938408E10
8.307135848E10
-1.13155368E10
-4.2879471192E10
6.750134792E9
2.6466084384E10
-5.9822818992E10
1.4522967336E10
6.4917058648E10
-1.9324489648E10
-4.1804444456E10
-1.0558776064E10
8.4018038136E10
2.1729101E10
-1.4121762056E11
2.4903533192E10
6.33411256E9
-3.035819896E9
-1.04361814384E11
-1.4622305952E10
-1.887421016E9
3.9388435024E10
8.7521493E10
-4.0621502496E10
-4.3401307656E10
9.1604243048E10
1.6321260216E10
-2.7759979864E10
4.8811917008E10
-5.069339376E9
1.2232444192E10
4.1606444328E10
6.1557442784E10
-5.7101499832E10
1.31815898224E11
6.3890538328E10
-2.8797478704E10
-9.330423696E9
4.9691882128E10
-2.09420243464E11
7.0327636304E10
6.028210152E9
3.0526748272E10
-1.5204988024E10
2.80511912E8
-5.6766975128E10
5.5129653472E10
3.0795686176E10
1.9114359768E10
1.6327676528E10
5.0757498424E10
6.083267832E10
-2.1122495672E10
-3.3400150984E10
3.3307288304E10
6.936964384E9
-3.7221894344E10
1.07429289968E11
-6.2146166096E10
-7.5137644472E10
-5.149096376E9
1.24952112552E11
-1.32579472832E11
3.5563007832E10
3.166773428E10
-6.6516577392E10
-4.6788945984E10
-1.0177853368E10
-8.190159152E10
6.425556564E10
2.07458844E9
-4.461748496E10
1.20060088368E11
-4.3680828776E10
-6.449410168E9
-3.7232462624E10
2.543980748E10
-3.181971856E9
8.99902144E8
6.4214200008E10
-4.2362282352E10
-4.9324379104E10
-6.5437825744E10
8.4623818392E10
-7.1558180584E10
-7.9328584E8
-3.4861922592E10
-9.8197624048E10
3.2787354232E10
3.5143420336E10
-7.7571887664E10
-4.9017747808E10
1.1830174128E10
-4.2680042312E10
3.7996116704E10
-5.49831508E9
-5.6592182992E10
6.9542139544E10
3.5210530672E10
6.8981600152E10
-2.2051404288E10
-5.916242384E9
6.3013287728E10
-6.9734702728E10
-7.4447068E9
-3.5574614448E10
6.4710388912E10
4.2531849792E10
-1.5012547096E10
-6.7069040528E10
-2.2262303864E10
-1.03389928776E11
-3.4827448368E10
3.2848971312E10
-9.25099552E10
5.7871247856E10
6.781802776E10
-8.6233553696E10
2.7613894584E10
3.630130308E10
-3.3455041136E10
3.2912492736E10
-9.532997864E9
8.8046602792E10
2.1148669184E10
-6.0997678872E10
3.2084079928E10
-5.2993076184E10
3.2691480592E10
-2.4161416768E10
-4.06597108E10
-2.3576419848E10
-1.3580668736E10
1.7236472272E10
-1.069525212E11
1.6661189216E10
3.6104697728E10
1.4611373608E10
-1.3116391592E10
-5.2679829848E10
1.32257935904E11
-5.5106394712E10
2.305798E10
3.040981604E10
6.9546E7
2.3939934368E10
-2.7643738608E10
9.337975928E9
-3.838078256E9
-1.695727512E9
-3.3768918336E10
-6.68965556E10
4.8087388824E10
-9.2908626728E10
6.340640692E10
3.2937483496E10
-1.5814906144E10
9.398942552E9
-4.978905308E10
4.0408885568E10
-6.6707700688E10
3.55200888E9
-5.0609765976E10
7.9507072E9
-4.5756773384E10
5.39544574E10
7.4374249752E10
-6.9058020312E10
-2.9222362408E10
8.749802224E10
2.2641959152E10
-1.8735277696E10
7.354057684E10
2.2178072432E10
-8.0710442256E10
-1.2670602424E10
5.5752651792E10
-9.9550321904E10
-3.7450224664E10
1.0327284888E11
-6.659831984E10
4.0549036936E10
-2.4979827024E10
4.5075877536E10
4.9009525E10
-8.9332805408E10
-9.9898007648E10
1.4715442472E10
7.338688992E9
-1.6984255432E10
-3.7166953568E10
-5.036247096E9
2.23812352E9
1.9663224424E10
-6.7923212784E10
1.6908282544E10
-4.553719404E10
-2.8954746304E10
-6.0698522472E10
3.2446126224E10
2.8994301496E10
-3.5005504696E10
8.2260019096E10
-2.9177780472E10
-6.3363304536E10
6.398671688E9
4.2547183232E10
7.935309608E10
6.3107233744E10
-7.5084927112E10
-3.877304412E10
-3.7101591176E10
2.5223399576E10
6.3860251272E10
6.430742212E10
-2.607143104E10
-4.1273090928E10
8.748396128E9
4.2791635552E10
1.6019654184E10
1.88107612E10
1.706002164E10
-4.0522820584E10
1.09058740752E11
-8.758136448E10
3.0664596016E10
-1.36053514E10
-4.4919317376E10
9.079737708E10
4.174541456E10
-2.4713276744E10
4.856561736E10
-1.0549961372E11
5.1796947536E10
5.93967712E9
-3.945066656E10
5.762405752E10
-4.7056493864E10
-8.123598696E10
2.500242092E10
4.608444912E9
-4.5511051584E10
5.0296927928E10
3.749118488E9
1.9646335648E10
-6.04927864E9
-1.6958880664E10
-2.0067411112E10
2.7173285872E10
-4.6123175928E10
1.72472654E10
1.00195856904E11
-1.5050066928E10
-1.02277562504E11
2.7009653464E10
-1.1486859912E10
9.4253497448E10
-3.2213847104E10
-2.7012859792E10
-3.1233402344E10
3.156842544E10
5.133578984E9
6.498624624E9
-5.0358410216E10
9.8013809648E10
5.665801148E10
-3.6778176176E10
3.508799856E9
4.3524187448E10
-3.287198988E10
5.8504959552E10
-4.3517722912E10
-2.7818394576E10
5.179811224E9
-1.2890938176E10
1.522765876E10
-2.8935683776E10
6.328796852E10
-6.3406912488E10
-3.7182152952E10
3.2517138088E10
-6.9906979456E10
2.97655632E10
3.4558519704E10
-2.5814455648E10
-6.4630797952E10
5.1230838672E10
-1.13939617672E11
4.728588492E10
3.8145229072E10
-4.0785523176E10
-2.610458384E10
-6.0093689352E10
3.8290769896E10
-8.7324095216E10
9.3165883448E10
-1.7023272408E10
-8.5412974544E10
4.7937902992E10
-2.386662632E9
-2.1724191336E10
-3.2778723472E10
5.094499044E10
-7.6468915448E10
-3.8285826872E10
2.573786256E9
6.3476910568E10
-3.3701639312E10
6.5512545168E10
-3.727617496E9
-2.5678600808E10
4.054456664E10
2.2758125728E10
-3.0928993712E10
9.0316217696E10
-8.5580356736E10
2.9345007072E10
9.498282352E9
-7.229977488E10
-1.5937739352E10
-5.2484121224E10
3.0715998304E10
-4.187642456E10
-4.5212238504E10
-3.835001744E9
2.4892980984E10
6.279590736E9
-2.659243416E9
1.4765474576E10
4.2037558296E10
4.820031168E9
-3.2702344912E10
-1.7027443576E10
4.1379573288E10
-3.6320175616E10
2.6623957048E10
-1.01506882688E11
7.7632578928E10
-7.9234273416E10
2.2952618408E10
3.408939956E10
-3.220217656E10
5.828744352E9
8.0279459512E10
-3.4892527472E10
-5.175176264E10
-2.0437679256E10
9.1416677096E10
-7.542469584E9
-2.6344694952E10
7.617549608E9
-3.5575507256E10
3.8910843336E10
2.5961056704E10
-1.31152146488E11
1.1400662976E10
-4.5409380408E10
-2.1390271264E10
1.20414329088E11
-6.6889915408E10
-5.4734299192E10
3.5734326224E10
-6.5216227352E10
1.4723102336E10
3.7129761528E10
-3.9302426608E10
-4.4044149464E10
6.0967304664E10
2.692666448E10
1.5258422976E10
6.127831344E10
2.958942004E10
-9.1614883128E10
2.193409596E10
2.4512894392E10
6.323001976E9
-2.7476217576E10
5.6403651024E10
5.7991349944E10
-6.692268368E10
-4.9905238256E10
1.9025947584E10
5.6286564736E10
-5.1546711552E10
1.3462927312E10
4.7007783384E10
-2.7422876248E10
-2.803451912E9
-1.05630607488E11
1.13772649856E11
-7.4471822616E10
-2.629981564E10
-2.0476888E9
1.649606492E10
-2.3604493192E10
3.2318952024E10
-2.966227024E10
-1.03991717336E11
-4.4467967728E10
-1.8325847568E10
2.6349658424E10
8.0671971784E10
1.099488968E9
6.272694808E9
-1.3570631072E10
-4.9510940304E10
8.0438918328E10
-2.5128699776E10
-7.9438632E8
-4.210847508E10
1.3194418776E10
-1.7484361104E10
-1.848257984E10
-2.7843754712E10
4.0043532464E10
2.1946076888E10
-1.6199929952E10
-4.0738744016E10
1.41586521512E11
-1.7372045432E10
-8.6181538E9
-9.199586704E10
4.8363217832E10
-6.157694088E9
-2.6091816136E10
3.8848626768E10
-5.9121668168E10
2.304257664E10
4.461537936E10
6.0825947792E10
2.0480345936E10
1.4914721824E10
-6.8403877984E10
-5.933386968E10
-1.8783385296E10
2.753487204E10
-6.2007111856E10
9.115547504E9
5.588138072E10
-1.01176665184E11
7.2633226448E10
2.4108527616E10
-2.454431132E10
3.6441619488E10
2.7438678168E10
-3.9417867312E10
-5.1213550784E10
-5.09908456E10
-7.6397605624E10
7.020496776E9
-2.6575411144E10
-4.1181573408E10
4.8067324464E10
2.28744984E8
5.390637944E9
1.6846659008E10
2.987503104E9
-7.646140232E9
-1.453295928E10
-7.259869032E9
-8.8995815328E10
2.055582924E10
-8.4093610296E10
7.5065282392E10
3.0496397712E10
-5.6541333776E10
6.6380528808E10
8.2167745424E10
1.6572170696E10
1.9568094752E10
1.00799192032E11
1.1815215464E10
7.23179624E9
-1.07189997176E11
-2.5022400896E10
-9.41094724E10
7.3353279344E10
5.68757036E9
7.494801228E10
2.3709461552E10
-1.336463008E10
2.5121463336E10
-1.73449128E9
7.2863291248E10
-1.25786152024E11
-3.3588226912E10
-2.5600903104E10
-4.7758847896E10
-6.81876128E8
-2.6455970512E10
2.9162707056E10
-1.564149416E9
-4.102079504E9
1.3953702104E10
-6.148625836E10
-4.975351596E10
-6.4322809904E10
-9.4496404752E10
-7.4974770664E10
-2.689940456E9
5.7852751704E10
1.0288007032E10
2.08140912E8
-3.2069717808E10
-2.7222884728E10
5.5767723608E10
2.7254638192E10
-7.71776296E9
4.617953944E9
1.1859008024E10
-3.517536632E9
-5.917316432E9
3.6393559456E10
1.776374932E10
5.1877188568E10
-3.1506673432E10
4.783550712E10
-1.4201260808E10
3.1418774976E10
-1.9763662016E10
4.2897737192E10
-2.055318696E9
8.0407563928E10
-8.382358608E10
4.0860748824E10
-5.3359301E10
3.6821360688E10
-1.1489799188E11
2.1369386368E10
1.0548998912E10
-6.966555648E9
-3.659830344E9
1.0627328976E10
-1.7861999624E10
-3.6346551512E10
-1.0676255744E10
4.919411096E9
4.7850394176E10
-8.812915064E9
-7.6850221832E10
3.848626968E10
3.868216312E9
-7.732572144E9
3.834129544E9
1.4088396992E10
-6.6482170456E10
-1.4724670256E10
-7.97463356E10
-4.2414231232E10
1.6592116088E10
7.2487407592E10
3.176785616E9
-3.3053459432E10
8.1162117344E10
-1.10555097584E11
1.4061800576E10
3.1906769952E10
8.964560328E9
1.8017281608E10
-3.237096864E10
-8.432438016E10
-1.55939064E9
3.8017385616E10
-5.06681768E8
9.6434425944E10
-4.3614542024E10
-4.7329923352E10
-4.793759364E10
8.3490439336E10
-1.59255714464E11
-8.2679639048E10
1.55340777608E11
-5.688635472E10
-3.2430665944E10
2.212931612E10
3.3076015424E10
-8.5192551976E10
7.4537894584E10
4.1731156584E10
-4.3926558392E10
-6.9233294648E10
7.6134273368E10
4.962542792E10
-1.09188438432E11
-8.3104774632E10
5.0153573296E10
5.9494810216E10
-6.3907971648E10
-2.2175090256E10
4.0682820432E10
2.3553669656E10
-2.069585104E10
9.5714969912E10
7.5253668168E10
-4.165973732E10
-4.7983157128E10
-3.0994783608E10
-2.3965437824E10
-4.2808878448E10
7.2566344944E10
2.2372661752E10
3.8324509744E10
9.771977848E9
-5.8889578744E10
4.7614546208E10
-5.489079104E10
4.1834042368E10
-8.1994265288E10
1.051577208E9
3.267182384E10
-1.2447453888E10
-4.68733616E8
3.100023192E9
3.554022952E9
5.9904781592E10
-4.8587948936E10
3.2953755208E10
2.4972716568E10
-3.89257304E9
-4.4110034952E10
-1.02991554E10
-9.7388912584E10
4.0073593448E10
-1.5038447136E10
1.1103496168E10
-4.200746776E10
1.3021558944E10
1.3221040664E10
-7.733541712E9
-2.963509488E9
-3.2325272184E10
-1.4995832488E10
-5.9493886408E10
-1.4286717888E10
1.7666733472E10
-3.4432153336E10
6.6612387256E10
-3.6520963632E10
7.372469212E10
-9.047046072E10
-2.1747904072E10
4.973670836E10
-3.3313547328E10
-2.1842616248E10
5.85227828E10
-6.6549898696E10
-9.337314688E9
9.581803968E10
-2.2824166848E10
-5.7324930096E10
2.7785171872E10
-5.0300801016E10
-6.9777987872E10
7.8577460456E10
-4.5687883568E10
2.386722552E9
-3.2105355168E10
-5.078263936E9
-4.5769884608E10
3.4725984744E10
-2.5491186096E10
1.553178974E11
-3.7909605672E10
-6.2288342208E10
8.860612456E9
1.0738069384E10
-7.7893597072E10
-3.865167664E9
9.6229619936E10
-8.1923553368E10
-4.8242712128E10
4.212303004E10
5.6558166224E10
9.0088994688E10
1.9439980568E10
3.8051989096E10
-2.418829512E9
5.3948762792E10
-1.64914835424E11
2.892048872E10
2.2216772992E10
-7.1702111872E10
-6.3232021728E10
6.3176329008E10
-2.8050359832E10
-8.282822628E10
1.0911657868E11
-3.1404295536E10
5.539807808E9
-2.9764694536E10
-6.8277400728E10
1.94483212E9
1.00085524792E11
8.185083352E9
-2.7276292048E10
-4.4745817816E10
4.9447898024E10
4.3965462344E10
1.9845645416E10
3.3790968664E10
-4.7986424896E10
3.214612392E9
6.769873092E10
2.178209168E9
4.95361144E10
-4.8873549216E10
-2.8853193072E10
-5.0268548104E10
1.31018346408E11
6.0532865624E10
-2.0486622216E10
2.7205362416E10
1.03375657136E11
-7.6212614E9
-1.4895701232E10
1.3396641472E10
-9.8994443784E10
8.4860867304E10
7.2218317584E10
-5.6185243352E10
6.9359340736E10
3.14866718E10
-5.811902796E10
1.3110063616E10
5.23292514E10
-1.05520164E9
2.3360231352E10
-4.2557658016E10
6.08571344E10
-2.0636696E8
6.5782916232E10
-4.6351937856E10
4.62009976E10
3.6824657184E10
-2.3246664304E10
9.8297984784E10
1.6299198584E10
5.4455259088E10
4.380406904E9
-5.6655518584E10
-6.9806860136E10
4.0394690464E10
-1.262113332E10
-6.2595387616E10
2.0134696568E10
-2.1516734992E10
-4.128134036E10
-6.7988869848E10
-7.62698184E8
1.647565732E10
-1.4261251948E11
4.3490394328E10
-5.0442122736E10
-8.1681772872E10
-1.1415146736E10
1.8506674904E10
3.7365791216E10
6.307365432E9
-1.5967559104E10
6.39934686E10
-1.0167611024E11
-1.0704871632E10
-2.9707332272E10
1.370514016E10
8.1749512744E10
2.1580096712E10
-6.0615062944E10
5.0938495616E10
6.3827087624E10
-2.278949376E9
-1.3413189E10
3.90466672E8
1.0720859832E10
-6.6415533704E10
-7.490935576E9
2.5366922704E10
-1.03063142552E11
-2.6225245792E10
4.7700844608E10
8.0760367248E10
-8.962153608E9
-1.9882150664E10
4.2334142456E10
-4.380184684E10
4.6950066448E10
2.5455820752E10
-4.7709955008E10
-4.5939695264E10
1.6810011424E10
-3.4600645984E10
6.1248322064E10
8.166352048E9
-5.0031269064E10
8.2574120224E10
-4.3587205688E10
-7.0830713696E10
-1.310466248E9
-5.3748957272E10
-2.488740496E10
-1.4021746464E10
6.8918537864E10
1.3289201136E10
3.7318153624E10
-7.4933799792E10
6.160302056E10
7.7719647088E10
-4.6513749472E10
-4.39897896E8
8.1052140384E10
6.888289528E9
-4.2246372904E10
5.583920668E10
-2.4358852848E10
-5.0376021456E10
-1.9016680208E10
3.052269456E9
3.5354890112E10
-5.2337655296E10
4.5741021936E10
8.3957672136E10
-2.5660999616E10
7.3614718E10
-9.9005051224E10
-1.453423192E9
3.7371028944E10
-4.4876471472E10
3.02413268E10
1.7192729208E10
-6.1446788632E10
6.5169047856E10
-1.9105797104E10
1.6708975992E10
6.5370238448E10
5.274830816E9
-1.0013217656E11
6.6004288456E10
8.487829696E10
-7.8632029168E10
-7.6150765208E10
-2.477582696E10
5.436912352E10
-8.5034685024E10
-1.3499498152E10
4.0023324424E10
2.8736040528E10
-4.8915273576E10
-4.0705397728E10
2.343118724E10
-6.608965672E9
-3.9788559616E10
-1.3142186936E10
1.0734254144E10
5.437388512E9
-3.7975298192E10
-8.339166136E9
-1.1912207776E10
-4.177326036E10
-9.34941884E9
-2.6860441736E10
-8.8756369944E10
9.5882311584E10
3.5699277744E10
-4.074485196E10
-3.475775352E9
-3.3401495496E10
3.6687241824E10
-6.0064201008E10
-4.2615257816E10
-1.4599841552E10
1.2304567824E10
-6.6579437024E10
-5.4820315344E10
3.3175747528E10
-3.0459493808E10
-7.305490432E9
-3.0639863192E10
1.8741564192E10
-9.4160210552E10
4.2272727696E10
2.0887481456E10
2.6477942168E10
3.994193816E9
-1.01792706384E11
2.9548096552E10
-5.68753064E8
4.2124292624E10
-1.87552484E10
-7.62936944E9
3.923262924E10
-4.9958112528E10
9.860785528E9
3.3138961936E10
2.608200656E10
-2.1719312344E10
3.86456536E10
9.376803936E9
-1.8349302976E10
-2.222756544E10
5.3442101904E10
1.05747068E10
-6.104703544E10
2.222143028E10
4.4356008696E10
-6.0813475928E10
4.094940512E9
-2.301087568E10
-1.77709952E9
2.0063787248E10
-1.3139232448E10
-1.54659896E8
-5.640176608E10
6.0006442184E10
-4.6177962776E10
-4.0530727752E10
-8.246472832E9
9.546326472E9
1.6160041584E10
-1.82134456E10
-3.0087893064E10
2.9882825984E10
3.3208222712E10
8.8809967336E10
7.0765175608E10
-1.50322404896E11
-3.091125248E10
4.7644304288E10
6.2753900432E10
2.9630640232E10
-1.3485178192E10
2.0693106504E10
1.7780496928E10
-1.5397021936E10
-2.6696229584E10
-1.513423408E9
2.117858296E10
-7.6075088104E10
9.564333528E9
2.0969043544E10
-3.1425335864E10
2.794032692E10
-1.01282272208E11
1.7757452384E10
3.578697332E10
-5.2515815584E10
-1.8429605496E10
6.8019263864E10
-1.8241920184E10
-3.806807448E10
6.505086624E9
-1.5094773312E10
-2.047013624E10
5.8623577096E10
-2.8828116E8
6.3742532456E10
-2.4535834992E10
-3.9763412248E10
1.8442851416E10
3.659892588E10
7.083054856E9
-4.1987409064E10
3.6036711056E10
-9.0258256832E10
4.648950088E9
1.7332512904E10
-3.0980302632E10
1.7684340792E10
-4.4376135392E10
2.9031243624E10
9.347391928E9
3.8168584776E10
-5.1289187664E10
-1.977874812E10
6.122566736E10
-3.072199328E9
1.1628297576E10
-3.9346318624E10
6.02833032E9
-7.7196791144E10
2.7488289192E10
-4.6962835144E10
-5.3186574264E10
4.0377579144E10
3.802043344E9
1.9671026568E10
-9.5721100872E10
-4.3151237448E10
2.5356663016E10
3.4701811832E10
6.9306882112E10
7.329926664E9
-1.3537155504E10
1.4916519272E10
-3.84438056E9
1.8433297E10
8.309812592E9
7.0312264016E10
-6.587547112E9
-1.06864770872E11
1.25413458968E11
5.026978424E9
1.4506380464E10
-2.015692572E10
2.4508487672E10
-7.7852216784E10
3.206286192E10
-1.03360610488E11
-4.1503746632E10
1.10041627872E11
-7.0763460944E10
6.6600586056E10
2.741085776E9
9.4604160736E10
-3.3200648672E10
-2.1026454696E10
2.9126847752E10
-1.9152224288E10
3.7238191776E10
-1.19265142256E11
4.966541216E9
-5.0567903688E10
5.2988205152E10
-9.82805712E8
-2.2061974808E10
-1.2772581736E10
-3.4114120528E10
-1.279648536E10
-5.7635310024E10
1.9187447624E10
-1.30627463144E11
8.8480960296E10
-9.8718048112E10
-3.1116450184E10
2.898553312E9
1.6452361856E10
-2.538246692E10
6.152954576E9
4.8500717112E10
-1.9191758936E10
-1.0259625464E10
3.5186436264E10
-3.1623416344E10
-9.6939947488E10
7.6106738536E10
4.1771412472E10
-1.24674442032E11
9.6672298648E10
9.967027096E9
-3.8291538496E10
-2.407796552E10
-7.3669562736E10
-1.5418203096E10
3.632987896E9
-1.5883862784E10
-5.261967444E10
2.2548907144E10
3.1439436184E10
-1.8655743648E10
-2.099701052E10
4.7124873528E10
4.80283606E10
8.960497664E9
1.3394052808E10
6.20680872E8
2.3834946512E10
3.570553848E10
-4.7542333152E10
-1.2222726272E10
-7.967389468E10
-6.2890429792E10
-7.814856956E10
-1.0230211696E10
6.0523102824E10
-6.1350621488E10
3.7723386512E10
-3.3508334672E10
-4.594872424E9
1.7598624232E10
-4.2821338816E10
-2.2924340672E10
-2.8912264552E10
4.8735551136E10
7.77518252E10
-1.3552728896E10
3.3093955688E10
-3.6904227992E10
-2.8010589272E10
4.16223712E10
-7.456078692E10
-4.3241034096E10
7.4942202904E10
-3.8428414824E10
-8.394720308E10
8.8433620576E10
-1.2515194128E10
-5.4836532064E10
-9.8494329656E10
-4.4242397016E10
-7.85826984E8
-1.15886387592E11
4.7019060136E10
5.4878459816E10
-1.26369357352E11
-8.071826048E9
3.9943605736E10
-1.3495347008E10
-5.310507064E9
-1.59467482E10
1.1436226272E11
-6.0772448E8
4.8044486928E10
7.76695354E10
-3.284851008E9
2.112077668E10
-5.9388744544E10
7.2405825912E10
-1.75948602E10
-1.587313492E10
-6.0591282408E10
3.4521081232E10
2.336177952E10
1.4905782E10
2.0819557312E10
-4.3076601104E10
6.9646323328E10
3.6905496304E10
-2.6147279744E10
9.568900416E9
5.572753168E10
-3.932328952E9
-1.05801147488E11
9.8179542112E10
7.2429788472E10
-7.6348521376E10
5.113835028E10
-2.8183287184E10
-8.510456904E10
1.1997741224E10
-2.7280421016E10
-6.67003016E10
-3.310326552E10
3.2105891304E10
-1.4886075072E10
-7.0404840256E10
5.8116583544E10
-2.7595974328E10
2.4351999488E10
7.787573532E10
-1.2546744768E10
-2.1295150448E10
4.0977715784E10
-5.6941739056E10
-2.7969633464E10
1.6675849264E10
-1.10963734512E11
-7.70265584E8
-5.7137941376E10
-2.8052224136E10
1.787205144E9
-2.9761732632E10
-1.1596387288E10
-2.3222708224E10
7.7691388624E10
-4.3864653424E10
-5.2119278408E10
4.216424048E9
-4.4221812072E10
1.0350424368E10
7.01923112E8
-2.7813909896E10
-2.3723314288E10
8.3917520008E10
-6.5350518752E10
8.603490832E10
5.7091281472E10
-9.7484866568E10
3.039854456E10
3.9196121184E10
-2.841921656E9
-5.7925627576E10
-6.856555392E9
3.6559553864E10
-8.4997228432E10
5.2913213208E10
-3.1735777368E10
2.802105136E10
-6.8664952432E10
-7.9725490096E10
4.5586377E10
-2.4482091272E10
-1.05358742896E11
1.341225676E10
3.7032955608E10
-4.1641286816E10
5.4069998E9
-1.3398360264E10
6.6860417736E10
1.17074369936E11
-7.006307212E10
-1.2680881776E10
3.7755155944E10
-9.8838115584E10
-4.3182651968E10
7.8575297096E10
-1.822060996E10
-9.17226592E8
8.264277812E10
-2.1625606472E10
-7.6322936768E10
1.0266940524E11
2.5593516704E10
-2.8018647632E10
-8.3007071456E10
-3.133099308E10
6.2030965336E10
2.288001516E10
-5.6102741104E10
4.5465528544E10
5.7883380424E10
-1.21888155008E11
-5.0207538656E10
-4.9429125752E10
2.4285070728E10
-1.499817316E10
-3.648861008E9
2.700433968E9
1.1733809448E10
3.2181936048E10
5.9372244728E10
1.1265891808E10
-2.1310173504E10
1.5139866632E10
-3.204640552E10
-4.9153459528E10
8.6143424872E10
1.610335044E10
-2.0788186088E10
-1.5451572024E10
-4.665778144E9
-3.492728776E10
6.999908936E10
9.5704708728E10
5.1160956648E10
-3.485024584E10
7.0291907944E10
-9.3737875504E10
5.9833638168E10
-4.2101251688E10
4.2541478952E10
3.372014928E10
-3.908275272E9
-4.2441387304E10
-8.2389471736E10
1.22178174208E11
-5.8673723256E10
-3.3457200344E10
-6.115796088E9
7.4927606544E10
-1.06309588568E11
-5.8878741432E10
-1.304086192E10
6.3771863248E10
2.270707528E9
-9.9029647664E10
-4.090055772E10
1.0123899536E10
-3.0135234216E10
2.230254156E10
-2.5538457336E10
-4.462784928E9
-1.2244525008E10
1.3121744536E10
-6.147274672E9
-8.3213105992E10
1.00915471496E11
8.118534336E9
-1.36207107336E11
1.0723244496E10
4.1773407848E10
-9.7489776488E10
3.5236137408E10
3.9186402848E10
-5.7931963928E10
3.1317944808E10
-9.771114848E10
6.0580608128E10
5.7111101096E10
-1.41545502536E11
-2.1305245472E10
5.9097910232E10
-4.5304723816E10
1.7900223616E10
1.74951608E9
4.556289768E9
6.4994796032E10
-7.4834100736E10
-6.3085864E9
4.001403248E10
1.877624436E10
-4.5061760752E10
-1.8319189128E10
4.6075239584E10
-8.857934816E9
7.556920928E9
-2.8264462648E10
2.3267054768E10
1.0591724752E10
-5.0095378224E10
-2.5341899432E10
1.5122894072E10
-5.4222166848E10
-5.8297288784E10
6.116203988E10
1.823266224E10
-1.20962114808E11
-4.1631418216E10
2.8585180928E10
-6.7084472E7
-7.6514765752E10
3.4384411096E10
6.3876765968E10
8.495560376E9
3.775826144E9
-7.39151952E9
-3.6713127128E10
-5.2977913392E10
-8.5387563336E10
-4.3328146104E10
-1.0153593976E10
1.04042417736E11
-4.9094402808E10
-4.3277861408E10
1.1478336988E11
-3.435026748E10
1.7807691288E10
-8.12808188E9
-6.4417577824E10
-2.067582224E9
-2.4557509344E10
-3.2347029344E10
3.2722012472E10
-1.3409705296E10
4.3169289344E10
-3.9488271184E10
-1.01360288232E11
7.2249339992E10
-4.6755359368E10
5.991271724E10
-1.7316041464E10
-2.6063309192E10
7.0881835912E10
-4.746040768E10
-8.1143265112E10
4.0518524736E10
1.8146540384E10
1.8438935584E10
1.2036632696E10
3.1519867776E10
1.216836808E10
-3.3831914496E10
-3.3927350696E10
8.1479583728E10
3.0436787408E10
-1.3824833552E10
3.432636216E10
-6.5413752E8
4.742081072E9
-4.5537432808E10
-2.9600695912E10
4.002639224E10
-4.483583672E10
-2.378603664E10
-2.2704724E8
5.6082565848E10
-8.078840068E10
3.5318227016E10
4.0492417152E10
-6.1073017904E10
-6.677542912E9
1.17284996496E11
-1.28659032208E11
-6.1382620912E10
3.464880632E10
-1.2201205712E10
2.7029683192E10
-7.74546184E10
2.3471196016E10
-6.8209897616E10
2.7360556408E10
3.0092010016E10
1.32294964E9
5.8070719848E10
3.2065781544E10
-6.9872148696E10
1.287925184E10
9.528169624E9
-5.86246336E9
4.34266996E9
-4.8977850264E10
3.2822255536E10
-6.012413352E10
6.218329116E10
-2.0110960376E10
2.014177072E9
-4.2612940232E10
4.8704395856E10
-4.6783815296E10
6.141477256E10
-2.8977215552E10
-9.623807712E10
6.1612531104E10
1.8110165792E10
1.662023912E9
-3.1077360672E10
5.374942116E10
-5.8349822224E10
4.6006648584E10
-1.260013168E9
-3.0675137712E10
2.9134648568E10
-3.667695856E10
-4.3935649144E10
-2.3855282368E10
7.9310976912E10
-1.525272848E9
4.8304134152E10
2.85320724E9
1.439659864E9
-3.5899462984E10
4.0731207936E10
-1.2175312272E10
6.84856324E9
-6.5116659216E10
3.191423088E9
-4.224346356E10
9.8560371424E10
-1.838764396E10
-7.3985462632E10
-6.1187574168E10
5.4404189496E10
5.8585222376E10
-8.3244826464E10
1.18649428E9
-5.9621456824E10
-2.7145117032E10
4.5264545944E10
-9.1246386152E10
-1.615570076E10
7.472561556E10
-3.7881251192E10
1.5034743632E10
7.36719544E9
-7.4077108112E10
1.8410464064E10
7.9373137024E10
5.888034772E10
-9.70560288E9
-1.167918956E10
-1.760672248E10
4.031416716E10
-3.5694795088E10
-5.396338276E10
-5.5231765592E10
-4.0245525184E10
2.5992259392E10
-2.929430396E10
-4.4618784504E10
-3.461872896E9
-1.883138364E10
-3.155776368E9
-1.2481584824E10
-1.36743637952E11
1.24537321392E11
2.902954756E10
-6.7317500552E10
1.18160207544E11
-4.4357572408E10
-8.3154561248E10
2.45607974E10
6.6696996184E10
-1.02393863768E11
-3.5747607208E10
8.49481092E9
7.7395299176E10
9.677099952E9
-3.1743709656E10
-4.37313032E9
6.97861272E9
-4.9670598616E10
-6.6159032336E10
5.108189048E10
3.673061472E9
5.1552150736E10
-4.597277312E9
1.0651643304E10
6.973977212E10
3.8958895448E10
-1.7257919176E10
-4.0437380984E10
-1.2904936608E10
-4.94560416E8
-5.2320141976E10
4.928323232E9
3.2454979352E10
-4.691378104E9
-9.1343207816E10
-7.9445277704E10
1.699038116E10
7.3255190608E10
-4.5320104688E10
2.560467376E10
-1.05441445192E11
-4.232948964E10
3.559396752E9
-2.7076488904E10
-6.0317396848E10
8.951964536E9
7.256649476E10
-7.682484744E9
5.6427784856E10
-4.8202568808E10
-1.1246452504E10
7.09457974E10
-1.1468358216E10
-1.993174208E9
-2.1133023968E10
9.3390810688E10
-4.1181970744E10
-4.9097333424E10
6.6941273864E10
4.1692709024E10
-4.0588792696E10
-1.125470508E10
-2.7398152264E10
4.3796563824E10
5.7732685136E10
-9.8790971224E10
-7.868809932E10
-7.95778472E9
6.6538481184E10
-2.856601184E9
-6.59029728E10
-1.8948220648E10
3.9876820272E10
-6.1368632136E10
1.730886884E10
-1.9325010224E10
1.99867314E10
-6.37273112E8
1.8740448088E10
-4.4497383552E10
1.05871344672E11
-2.3205037608E10
-3.523431608E10
-1.3561600712E10
-1.2870010984E10
-2.0497658224E10
2.2571255024E10
-3.951271816E9
-5.6245314176E10
3.306792172E10
-7.9201828312E10
8.2067597496E10
-4.352949368E10
3.132921704E9
5.3644407312E10
1.2541135372E11
-2.2442125192E10
-5.0394405304E10
5.211090728E10
1.0217237808E10
-8.8503164472E10
2.2067418688E10
1.9209952336E10
2.7423974744E10
-1.14661225104E11
3.7933585008E10
-2.6636675584E10
-2.5092763016E10
1.18821789088E11
4.876579072E10
7.984740952E9
-5.2559449264E10
-9.476500388E10
2.6490057472E10
2.0747265368E10
3.0323000808E10
2.6593007672E10
-1.4153147368E10
-3.5646826656E10
2.0273006304E10
-8.75950932E9
-5.612920096E9
-1.4085037888E10
6.664047392E9
9.2681003304E10
-8.487788108E10
-6.6932018704E10
5.958902496E10
-7.966733064E9
-2.7185903E10
-1.427133028E10
5.6775131336E10
4.3124321464E10
-9.8748381536E10
2.0014276568E10
-5.3065506592E10
1.22375836E9
-1.2813685832E11
3.7541307832E10
7.877726196E10
-5.923594392E9
-1.7371790816E10
5.4645843376E10
-3.0537781E10
1.4947408504E10
3.39181036E10
-7.3599520672E10
-1.0105269472E10
1.3690122864E10
-5.74036508E9
1.53808084E9
-1.11682035776E11
4.1098077696E10
4.8734791896E10
-1.23776005808E11
2.6121341056E10
2.8829584696E10
-3.0848504E8
-1.9193500272E10
2.15200808E10
-1.73311662E10
-2.2576430256E10
-2.6200907208E10
-7.5032203816E10
-6.083022408E9
2.9511914616E10
-1.0679222236E11
-2.0754862432E10
6.6517796528E10
-2.2781880208E10
4.5249332616E10
8.117864528E9
-8.4827863728E10
5.3791495952E10
-1.6205347336E10
-7.901131832E9
1.0745241912E10
-5.379242752E9
-1.9619949304E10
-3.7553977272E10
-2.004425864E10
5.8690457872E10
-5.2938698648E10
-6.0182814E9
-5.08376644E10
-1.56765432E10
2.9530979304E10
-1.0065687796E11
-8.4683467392E10
6.7047721792E10
-6.593351104E9
-1.8633737176E10
5.941943112E9
1.382126448E10
2.8407254648E10
-4.0723078168E10
1.777593532E10
2.2505548448E10
-5.0235425024E10
7.98253662E10
2.7841608392E10
3.999574664E9
-3.4892240424E10
2.119016836E10
6.784495112E9
4.7807583408E10
9.4130457048E10
-1.01559765864E11
-3.7256015752E10
-1.7390015216E10
7.3842295024E10
-2.7174220264E10
8.0104471336E10
6.35682428E9
-2.0894076304E10
-1.07208671688E11
-1.81830024E10
-2.0634977768E10
-1.017183696E9
-7.592795064E9
5.948709936E9
9.423943688E10
-1.6712428344E10
-4.4472048152E10
4.8064671544E10
3.4839054544E10
-2.2227280576E10
-4.8254350176E10
4.3534846304E10
-8.3053051576E10
1.5531885552E10
6.344777568E9
3.9958471728E10
-7.5060530536E10
-5.3411720576E10
8.6047126632E10
-6.7802302064E10
1.0987434548E11
-6.3325694008E10
-3.530084028E10
8.0414350184E10
-1.12716742536E11
4.4769050752E10
3.777440768E10
-6.0316548112E10
-5.7280567608E10
-1.7477129744E10
3.6242261928E10
2.97257632E10
5.7296365112E10
-9.645303836E10
-1.5089870976E10
-4.4342465312E10
8.8807627456E10
-1.55120482E10
1.680763076E10
2.6964434432E10
-2.67579948E10
-3.2984200576E10
-1.04217212376E11
-1.20014113008E11
5.8282585272E10
4.9959818144E10
-5.100928464E9
-6.2816789832E10
9.4859329168E10
-6.1265287792E10
8.7623371104E10
-4.7490018864E10
-1.9957822688E10
8.9148405672E10
-2.9298790024E10
-5.3210429136E10
1.0785870056E10
6.6861650704E10
-3.9109169896E10
7.1558096792E10
-7.894763616E9
1.31315295672E11
-1.13328568064E11
2.0174732784E10
-1.46918872E9
-3.389012996E10
-7.484455384E9
-1.17488920784E11
-6.5091342216E10
9.050667936E10
-4.3082894672E10
-5.076850488E10
4.1086186456E10
-1.1832564048E10
4.3015492136E10
5.8778506224E10
-1.06949852728E11
4.12188136E10
-2.9851262784E10
-8.249036184E9
-5.90795788E10
-5.7678570616E10
1.474884868E10
-1.2884264104E10
-1.16036863664E11
5.3657592616E10
-1.1508797424E10
6.714006152E9
-4.8464109272E10
-2.778768656E10
-9.8188563064E10
-3.9609001456E10
6.412676264E9
-9.74557456E8
1.12939303112E11
-2.6720338904E10
-4.015276448E9
2.20941824E8
2.829980792E9
-6.1619490712E10
4.9145656584E10
-4.7353629792E10
-1.6108364288E10
-3.5117469088E10
4.0355211424E10
-8.33027368E9
6.1552025544E10
-7.6185317432E10
-2.8898732128E10
4.0475518184E10
7.74267792E9
-3.373714004E10
2.8429631184E10
1.274076304E9
1.0841604304E10
-1.03750237E11
4.183037104E10
3.5619535712E10
-1.7333622216E10
-9.251172804E10
-5.285140808E9
1.03315647736E11
-8.4102387344E10
-2.210798584E9
-1.991272616E9
6.1415464752E10
2.0311026264E10
-5.0726063968E10
4.5534874424E10
-2.17832994E10
8.2847625448E10
-1.48806208E8
1.09409734448E11
-7.2597108072E10
1.8713061736E10
4.0188947936E10
-8.94450796E9
2.3793912552E10
4.1346096152E10
1.1806895128E10
7.729895576E9
1.2383709096E10
2.3183729112E10
-7.8891981192E10
7.957032128E10
2.6635432712E10
6.3443250264E10
-2.2282299248E10
-2.4202297896E10
6.066686548E10
-3.757758308E10
-4.7426834392E10
2.4062503808E10
-2.685661384E10
5.1983398912E10
-7.725961976E10
-1.466320512E9
-2.330001448E10
-8.040127384E9
-2.1344303104E10
-1.3917583896E10
4.858058992E10
-3.941501604E10
1.7279782744E10
4.6903133376E10
2.4466526328E10
-1.965368308E10
3.1694848608E10
1.5942408E8
-2.7530578256E10
1.461038144E10
2.0522544E7
1.1040483984E10
-4.3579901696E10
-8.9507584376E10
-3.4889563216E10
8.3193121752E10
-3.8364024592E10
-1.9655519792E10
-1.6721447776E10
-3.3279138256E10
3.0915425808E10
-3.1792709304E10
2.577405548E10
2.9864284632E10
7.7392140984E10
-8.3020695392E10
3.1902148504E10
1.4762509352E10
-6.1590284968E10
1.0041148144E10
-3.204731808E10
-1.5069226896E10
7.20793928E8
4.477074416E10
-5.0706710376E10
5.6381628496E10
-6.4102153528E10
1.753216008E9
-1.2689996736E10
4.6448924856E10
2.563683264E10
3.0409104464E10
-7.2382278152E10
7.219719056E10
-5.0493688448E10
5.202500632E9
4.048530592E10
-6.8818252344E10
-9.936383592E9
5.991556256E10
-9.200757168E9
-1.7115681784E10
6.394554832E9
1.1051284708E11
-7.7895120696E10
-7.3251535488E10
5.87041598E10
3.8113890088E10
-7.6282721904E10
2.251606976E9
-2.8907653992E10
5.8171479384E10
-5.866576024E9
-3.6279129432E10
-2.1991063632E10
-3.1484668744E10
4.496672284E10
-1.658752528E10
9.067649312E10
-1.73387109528E11
6.881686228E10
9.3578270104E10
-4.03684826E10
2.218196904E9
-4.0233419848E10
-8.1978180224E10
2.5911466504E10
9.819924876E10
-1.0639501328E10
5.8469319504E10
-1.914514704E10
7.2868664792E10
-2.7450957264E10
5.3947161848E10
7.899430656E9
-4.286243816E10
-6.537662132E10
2.946802096E10
-3.92557172E9
-1.5501747416E10
-8.6970408944E10
2.254545092E10
-3.6935627424E10
-4.651205352E9
3.3897818464E10
6.33252616E9
-2.3062576384E10
2.7444609288E10
1.2790586712E10
-5.675205652E10
1.7008837576E10
-3.8388340072E10
3.7832946896E10
-5.2605816504E10
-9.6769389408E10
7.1361304608E10
-2.5470022736E10
2.7460499176E10
-7.1410925776E10
3.3779981144E10
-2.0916701472E10
-4.274261504E9
-3.5172252648E10
-2.3453181672E10
-5.7587176968E10
-2.459903492E10
-1.3916779872E10
2.620396452E10
6.8135307184E10
7.48921892E9
-1.2059676864E10
1.6037809824E10
-4.7642803648E10
4.8382726304E10
-4.9637625112E10
1.493182048E9
-1.166417588E10
8.580504944E9
2.594065836E10
1.2122708488E10
-6.3648452904E10
-1.6696440888E10
1.468469072E9
-5.4863861816E10
-7.6682736E7
3.9203089584E10
-1.9314177096E10
2.7586505904E10
7.0671605336E10
-6.3143404088E10
5.0043526736E10
-8.0276492088E10
-2.294923136E10
7.60898448E9
3.0271213616E10
9.424515528E9
-2.8803190216E10
-3.16886778E10
1.05796016464E11
-3.2052469528E10
-8.131290984E9
6.4643607392E10
-4.4804991656E10
6.7054893752E10
3.112563324E10
-5.9919726272E10
3.6699526E10
-1.7973221232E10
-1.8391192264E10
-2.8407095488E10
-3.0562344936E10
1.0488624256E10
9.0977082E9
-3.11898904E8
-1.2858107056E10
2.9043453976E10
-6.6365286616E10
1.6287262E9
-2.1781542368E10
7.1071690848E10
-3.9889912E7
2.2015751208E10
5.3049982832E10
5.3003938416E10
3.430894836E10
8.717960552E9
3.4043376296E10
-2.0938242928E10
1.0501737112E10
2.3090942272E10
-7.3146484056E10
-5.9048462816E10
3.344468636E10
-1.3371962176E10
1.436247024E9
-1.4170081728E10
-5.152760096E10
5.297369672E9
2.27038384E10
9.5455100648E10
8.98478044E9
-1.6116609376E10
-9.12394258E10
6.32806992E9
7.5957236E8
-4.2912013352E10
4.6125370144E10
6.821731496E9
1.73400436E9
1.5411084072E10
-7.363322216E10
5.6370880048E10
-5.9368558E9
4.81312336E10
-9.560989224E9
-2.8521150352E10
5.5277058128E10
-3.541338992E9
-1.22189487976E11
3.5713482336E10
3.7610708056E10
5.7835977072E10
2.866214936E10
-2.974060076E10
9.969729864E9
3.348805848E9
5.695477144E10
-3.119214196E10
-1.823340912E9
-4.0020572368E10
7.418324316E10
-6.9486667264E10
-4.675686176E10
1.48979507488E11
-6.3889325288E10
-3.4039533928E10
-4.2602166496E10
1.17178990072E11
2.3727704864E10
-1.0089064556E11
1.10659598848E11
2.29723662E10
-1.1281111144E10
-1.775245448E10
-3.6461880464E10
1.636232064E9
-6.2248295888E10
-4.3188455144E10
1.04855601976E11
5.029853104E9
-4.3817894016E10
6.8668906264E10
-2.9065554864E10
-6.3896470432E10
3.9691124192E10
-2.5398653776E10
2.3444205576E10
1.2401641784E10
2.762002432E9
4.9784307776E10
1.42108927864E11
-9.4361131576E10
-1.09701282008E11
6.9845136E9
7.82805614E10
-1.9369217736E11
-6.107362784E9
-9.256064612E10
5.9124364E10
4.62218336E9
-7.149740224E9
6.9390157976E10
-2.4225284024E10
-5.5117472E8
-3.1157049224E10
-6.47432914E10
1.8564259768E10
-6.51062488E8
-5.8699560688E10
4.0652849648E10
-3.6440100496E10
-2.090600016E10
-5.053571156E10
9.107411592E10
-1.3674091728E10
1.6309952E9
-2.3037400216E10
1.9830648912E10
-1.17131542896E11
-3.349271984E9
1.8985017744E10
-1.9158585736E10
6.044249176E10
1.3282934304E10
8.0483948408E10
-8.815106152E10
-2.185200448E10
1.06250581152E11
6.201665128E9
-6.3475832208E10
6.9058934504E10
6.6366739608E10
-4.6079875696E10
-9.0087343576E10
1.34277943184E11
7.321874488E10
-5.7811807896E10
4.1952714288E10
6.095045576E9
-1.17091039224E11
-2.8237085472E10
4.4685369376E10
-5.9267887776E10
3.488465216E9
-1.3731456928E10
6.1469504712E10
-9.5117027352E10
3.6865599688E10
3.261844344E10
-6.3899331744E10
-7.112535428E10
1.31154934576E11
-9.48526592E8
3.4980624648E10
1.071637976E10
-7.4263946656E10
-1.346583164E10
3.4787135304E10
-5.0521860744E10
5.09675226E10
-3.0923468472E10
3.997588404E10
-8.5546709184E10
7.317912456E9
1.1567525276E11
8.3604344104E10
5.03168588E9
9.54785972E9
5.2583239624E10
-2.9814549064E10
-6.1842882168E10
6.4409888888E10
5.1307627376E10
5.9470853832E10
-3.7288947696E10
4.4617087312E10
2.058073352E10
1.091134024E9
-6.0464037152E10
6.3148563784E10
-1.4470984688E10
-3.635285524E10
5.834530148E10
1.8807247024E10
-9.903740256E9
-1.21310052832E11
5.271554472E10
-9.701094168E9
-1.630693952E10
-7.1077502864E10
7.7163596656E10
-5.413046256E10
-7.8391971728E10
3.8369718272E10
6.7583119768E10
-4.24844864E9
-3.5907494952E10
3.4107496656E10
6.61338498E10
-1.05488827256E11
-9.593802656E9
5.2391710896E10
-2.358749668E10
-4.5551613288E10
2.195273384E10
-5.1330254344E10
-3.0261078784E10
2.6872786256E10
2.9550445448E10
-5.887061328E9
1.3797840232E10
4.3584511976E10
-5.1542103832E10
-4.8334556648E10
-6.1095216528E10
-4.9522521032E10
-4.0192110152E10
-1.6094339352E10
-2.7912960832E10
-1.0075970848E10
2.7478893504E10
-3.8126975568E10
-8.4279056272E10
1.0329607192E11
2.4764573016E10
-1.37560258E10
-2.721299464E10
-3.32700452E10
-6.1915530552E10
2.0901953144E10
1.8258214904E10
4.8768114464E10
-4.2214398928E10
-3.989402536E9
-3.2048004528E10
-8.174109424E9
1.1088252784E10
2.5778628392E10
-1.1051061064E10
-2.6991196592E10
-1.7259057456E10
5.3751327992E10
-1.49516656E9
5.8320606624E10
-2.5825078336E10
-3.938490072E9
1.237392932E10
6.56619874E10
2.4250876136E10
3.8771832296E10
-1.6181982924E11
-3.99230532E9
5.33558416E8
1.0168639524E11
-3.7333993168E10
5.150295608E10
2.0056686736E10
-4.4848747696E10
4.1787760424E10
6.0809010952E10
-2.540459744E10
1.2387756976E10
-4.1709084768E10
-6.681106656E10
-1.8832642208E10
4.7433847304E10
-4.1574434096E10
-3.9731022856E10
-5.9391321504E10
-6.58461882E10
3.8382338904E10
-3.8516482776E10
4.9339825952E10
-5.03534146E10
3.620088948E10
-1.2855498152E10
9.5491042504E10
-6.7070090856E10
7.9582550848E10
-7.781072212E10
1.176583896E9
5.9460473576E10
-1.4515037504E10
-4.5177609584E10
5.029241272E9
-6.4313688832E10
-6.0219813024E10
4.665684816E10
6.465265588E10
-9.6729822744E10
2.620256584E9
-4.570964672E9
2.610053656E9
-4.214153088E10
7.5598666888E10
-3.8775673328E10
3.831441968E9
-5.1109244784E10
-8.06617164E9
3.2309964888E10
8.3732971912E10
-4.0044827288E10
2.696359048E9
6.5369650488E10
2.8301574288E10
-3.0796001256E10
-2.7929643232E10
4.40253064E8
1.6988907088E10
-1.5820425048E10
3.601842744E9
-4.018274224E10
-6.089130096E10
-2.8853295496E10
6.4977564144E10
1.27048641216E11
-1.04314205928E11
4.32668308E9
2.1176212656E10
-7.38331436E9
5.33446628E10
-1.9319831224E10
1.4563066384E10
-3.991339352E9
-5.8113039768E10
3.8543509632E10
5.314920264E10
-4.9965827536E10
-9.524463472E9
-9.5735752E7
2.1543060224E10
4.3099490664E10
-5.3404253592E10
-2.7980118408E10
2.5625584616E10
-1.01663490016E11
3.3107020696E10
9.3884094008E10
8.99366444E9
2.511985336E9
6.7943918048E10
3.6600802288E10
-2.942953216E10
-1.728944616E10
8.561690852E10
7.7614155432E10
-1.198244236E10
-1.1683952192E11
3.1702222144E10
1.8646071264E10
-8.7768858648E10
2.5716591056E10
1.715184056E9
4.9416642728E10
3.4340335808E10
-8.980331032E9
-1.1758983144E10
-6.7757667728E10
8.1439561936E10
-1.2586135864E10
-6.1800789784E10
3.653234408E9
-5.757266952E9
-2.8380988328E10
1.4056471332E11
-8.7029758184E10
3.00106976E10
-4.0729097072E10
7.5593237872E10
9.2537418104E10
-8.282288708E10
6.131110472E9
-4.1549505576E10
-1.7157733328E10
9.2913643928E10
6.7809359256E10
3.9487110664E10
5.428421912E9
-6.1723417792E10
-2.3898480144E10
-8.228534728E9
8.4752088856E10
5.2014132248E10
-5.254812992E10
-1.05548438464E11
8.3406203304E10
5.779334184E9
-2.606994516E10
2.2288572024E10
5.8247192992E10
-9.5737798208E10
-3.6752030136E10
2.0765531592E10
6.6784965504E10
-4.9885456064E10
-7.390028976E9
-9.5793001248E10
2.4273717032E10
-4.5089199856E10
-1.38346589704E11
3.1507931216E10
2.0438413936E10
-2.8398639664E10
1.3046070856E10
-4.2853187248E10
2.0095796616E10
-6.5639267416E10
6.556316472E9
-1.287911252E10
1.2986648744E10
-4.7516346024E10
4.3472945304E10
-4.180495376E9
7.7769902896E10
-8.6034887024E10
5.018932864E10
7.8296741864E10
-5.6146210744E10
4.3303780568E10
-7.8425553176E10
8.3032244992E10
-6.583229016E10
-9.1355742768E10
-1.4754547056E10
9.8063499736E10
2.244367648E9
-8.4836634192E10
-4.6491447832E10
2.819690488E9
-1.8239237528E10
6.0087074856E10
1.8692010352E10
-5.1957811984E10
-5.734009588E10
4.59557856E9
-5.188997536E9
1.8445317768E10
1.560869952E9
6.4698068128E10
-2.7972039872E10
-9.8360339528E10
3.3460447368E10
1.3814770136E10
-4.6931626696E10
-4.5692886184E10
-4.7786308456E10
-2.2221472096E10
-8.7165212008E10
2.5644639208E10
1.87882277424E11
-5.0139839872E10
-5.3289042712E10
1.3118455072E10
5.60631678E10
-2.3031800504E10
-2.8912759352E10
4.8514199216E10
-4.2577804296E10
2.0765886648E10
9.555892736E10
-6.4407746896E10
6.5064749424E10
8.8999312984E10
-6.5690634504E10
-3.4433917616E10
1.10610929976E11
-6.030473416E10
-3.7935007856E10
-3.1486861632E10
4.7852337096E10
-6.0123477424E10
-7.9975922576E10
9.2178473168E10
-4.5089978584E10
9.468486448E9
1.22039945112E11
-2.3222659936E10
-8.634741296E9
-4.318931952E10
-2.2323011088E10
7.216630312E10
6.2558919448E10
-7.9328649016E10
-2.69184512E8
-1.26245096E10
-1.176235236E10
-3.0700313008E10
8.5675483104E10
1.13692463056E11
3.4714913936E10
-2.6729466344E10
3.5964759088E10
-9.3090785472E10
-9.208697656E9
6.9945694744E10
-6.5542131288E10
-5.1922822016E10
4.7283977408E10
8.668208888E10
-2.0790314888E10
7.281758368E9
2.7553778184E10
3.827556928E9
-1.3745683832E10
-1.9044594912E10
5.5143277008E10
-7.476381344E9
4.3783866632E10
-9.7376494896E10
5.211306972E10
3.3649784136E10
-9.3476700992E10
-1.1543896E10
4.6299932E8
-4.6525439392E10
-2.2052285504E10
1.0124693496E10
-5.3066519368E10
3.8118587856E10
-6.284327416E9
-2.2666424496E10
7.1176594944E10
-5.7493049008E10
-2.4509800024E10
5.3541271416E10
8.7871671096E10
4.4333922368E10
4.1360678208E10
4.9570813112E10
3.6775625264E10
-1.199957406E11
9.6713678E10
5.7944558208E10
-9.9378153104E10
7.7841390648E10
-7.8866449648E10
-4.2820378176E10
3.3548520152E10
4.2675851248E10
-5.3721655672E10
2.7000805184E10
-3.18455248E8
-1.05009556976E11
1.07311039944E11
-5.2966729096E10
-4.7205015968E10
3.3715532672E10
-3.4875630624E10
-1.5501379704E10
2.5936743888E10
-3.7119984056E10
-4.72001784E8
-4.58434082E10
1.1522580248E10
-1.02441520896E11
3.883086576E10
6.464309712E9
-1.14600260576E11
5.109777152E9
5.7525563568E10
1.524721524E10
5.4240855488E10
-3.0439172592E10
7.695928696E9
8.7412288112E10
-8.2100047776E10
2.806237344E9
4.4730176056E10
6.4452609976E10
-1.8282678224E10
-9.6791791168E10
2.7381975088E10
-3.22381976E8
-1.5801884704E10
2.4293951576E10
-5.154832304E9
-5.911920684E10
-3.3009157992E10
-4.606926272E9
-6.0594679592E10
1.05898882512E11
1.1716670632E10
6.4658300864E10
3.7438801536E10
1.7382384336E10
-4.1226152624E10
-4.9361539216E10
5.47634708E10
-8.0362664E9
5.216083812E10
-7.3158830128E10
3.8259654824E10
-6.891335976E9
7.40059288E10
-4.0197558216E10
-1.7300796072E10
-3.6130208488E10
4.03633292E9
1.3748788624E10
-4.4389429264E10
1.814420824E10
2.4764846208E10
-3.8367969576E10
-5.7113815216E10
5.9252926E9
1.8256085528E10
2.558694088E10
-2.6798242432E10
6.0525697392E10
4.3791811736E10
-9.6904885424E10
3.07638512E9
-2.1664215976E10
-6.0714282608E10
5.7865516704E10
-3.7163048256E10
3.6365808736E10
-1.56353306944E11
4.839358944E9
-4.0655369984E10
3.6500660576E10
8.2215054472E10
-3.010401152E9
-7.2355253048E10
-8.2173043688E10
4.966584352E9
7.5740178E9
9.1303838216E10
-4.5591431664E10
-2.3204964528E10
-1.0097356288E10
-1.3153808272E10
-3.1211620368E10
5.4827544E9
3.5966113568E10
2.7059188384E10
-1.3670533896E10
4.15990226E10
6.180102116E10
-5.4201613696E10
1.8730408056E10
1.5395522984E10
3.0880368872E10
6.4882178632E10
4.2236702232E10
5.851103968E10
-3.2196184072E10
2.1825908712E10
-2.8301372352E10
-5.539785376E9
3.0026097024E10
-5.1422954808E10
-3.9915613592E10
-4.4300816176E10
6.042794072E9
1.4461133616E10
9.817216528E9
-3.68447128E9
-6.2029965264E10
5.688939864E9
4.6035043856E10
-7.1276764224E10
8.52942204E9
-7.64857128E9
5.7697768792E10
9.02917302E10
-4.7542560344E10
-3.7195168832E10
1.55107690472E11
-3.9549652024E10
-4.820437396E10
1.1166740416E11
6.07427596E9
9.6051484728E10
-2.8597490064E10
-5.8190142912E10
3.3338189248E10
-2.117476404E10
-4.0506855808E10
6.3193034392E10
-7.3709699312E10
-2.3030293656E10
2.8973177112E10
-4.014248316E10
1.5973409016E10
-2.244680832E10
5.5177232304E10
-4.3913913864E10
-4.2927880504E10
-1.3727132128E10
1.4210205064E11
2.7970288824E10
-1.38780766184E11
-3.685611904E10
5.4365533936E10
5.479164448E9
-6.2025106536E10
4.6936190256E10
6.7459428688E10
-4.8410880728E10
-1.2635810728E10
-4.8740522768E10
-2.450161672E9
-4.56548272E9
6.0553584128E10
-4.98834976E8
-6.1079038072E10
2.2735683736E10
-1.9561691744E10
2.9797458288E10
1.69345546E10
1.5453613304E10
-7.100487368E10
-7.4569408784E10
1.67280674416E11
-1.4983773256E10
1.13699210136E11
2.7933809008E10
-4.5218763016E10
-2.080524864E9
1.866507096E10
5.419323176E9
-2.8649347632E10
-6.104785736E9
3.9599162192E10
2.083539224E10
-9.5810036672E10
3.5624262048E10
-1.0776214024E11
-1.27353603304E11
3.8527621824E10
1.0932661024E10
-9.831911216E9
1.4421383352E10
-1.08606745152E11
4.1799107768E10
-4.6644379784E10
-4.113488952E10
7.917137836E10
3.2397642792E10
-1.0573711E11
1.0713037904E10
-4.2894879472E10
-1.03066009776E11
-5.4179876968E10
4.7118469952E10
4.2737785136E10
-2.660483664E9
8.688426824E9
-4.906600016E9
-5.461091496E9
-7.197699248E9
2.579071904E9
-1.42825364928E11
1.5178949056E10
7.3713282496E10
1.6705052608E10
-1.21585354384E11
3.6992078576E10
5.6270913936E10
-1.05849814E10
4.968691004E10
7.6960527536E10
2.0085708456E10
-7.4733758552E10
1.9666087232E10
1.01040628368E11
-4.264498808E10
2.4798948504E10
-3.2107208368E10
-5.9831438856E10
7.9922725704E10
-2.315785276E10
-5.2993107976E10
6.9899560576E10
-1.8815405696E10
9.4734498432E10
-5.3514331344E10
-2.7153357592E10
1.26320069776E11
7.967265992E10
-5.7577666976E10
3.3880860264E10
7.7483094016E10
-1.585310552E9
-6.6866769472E10
-1.015832488E10
1.2627286648E10
2.6643031704E10
-4.9764555608E10
3.3897848752E10
-2.8611315264E10
4.2473776712E10
3.8215379672E10
2.7272171768E10
5.902163992E9
1.6657370808E10
2.1921750496E10
-1.1437108376E10
2.5994492912E10
1.010906302E11
-1.710763256E11
3.3733670752E10
4.820579696E9
-1.169395328E9
-8.7575532128E10
5.5700522816E10
-9.0617367824E10
5.791656824E10
-9.9076546952E10
-3.989338624E9
5.5537829128E10
-1.8236313208E10
-1.7792157112E10
-3.1889493016E10
3.8694401544E10
2.5843472656E10
-3.177590768E9
3.6279144752E10
-3.5138763248E10
3.359807568E9
2.3497291336E10
1.0109854768E10
-4.2014017136E10
-5.3393197968E10
1.00042978704E11
-6.46165394E10
1.6432953728E10
9.6549197936E10
-1.2049796664E10
-5.9722750104E10
-4.512549848E10
2.0009437664E10
-6.47997968E8
1.1670463536E10
7.705001488E9
-4.0875774712E10
8.067030088E9
-2.2981692152E10
9.91623546E10
7.499004384E9
2.0131805616E10
2.377857468E10
-3.2105005984E10
-2.6321722504E10
-2.4505172712E10
-5.808193968E9
6.691398784E10
-6.069283352E10
-5.9671388584E10
1.02193705488E11
1.9495644128E10
-3.424268464E10
3.412305688E10
3.79845726E10
-6.7242541912E10
7.9833313592E10
-5.3267720672E10
-8.1510743736E10
-2.6386680392E10
1.9588811368E10
-2.7233011184E10
-1.0767133696E10
-5.543999672E9
-3.9994750032E10
2.215333176E10
3.316940352E10
2.4737415512E10
-4.319903656E10
4.8217839728E10
-8.59719436E10
2.6389636304E10
8.1480721752E10
-6.4605852176E10
-4.93033728E9
2.0644989752E10
-1.0817675012E11
2.753188852E10
5.4486005992E10
-5.557387188E10
-1.01913886736E11
5.7251074104E10
-1.6201450672E10
-1.18805369984E11
5.6269346272E10
5.4635753984E10
2.0796332864E10
5.65110532E9
-2.6454357464E10
-8.2901122112E10
6.7106672152E10
3.6666718736E10
-1.6823887704E10
-4.948914224E9
1.3949267792E10
-8.0090690968E10
3.8014895088E10
-1.0323770352E10
-3.952845248E10
9.175225232E9
2.9478160024E10
2.164373844E10
-8.602137904E9
-2.3986880752E10
-1.8146208712E10
4.998958224E9
5.674979868E10
-1.86555434E10
3.0502919968E10
2.434427244E10
8.16934612E9
-7.3613192288E10
1.20978746296E11
4.12147796E10
-9.4371850832E10
4.786488608E9
7.367714912E9
-4.109294876E10
2.0478581296E10
-4.711389924E10
1.7352078904E10
1.2983836768E10
5.6641323888E10
4.0027087792E10
-1.26857563392E11
1.2354900896E10
7.106614684E10
-1.2486688776E10
6.8286568816E10
8.559668768E10
-8.9564322056E10
-3.6597350936E10
2.4770376456E10
-2.8502915328E10
-6.54396328E8
-1.905082512E9
3.94307264E8
4.064406808E10
-1.1811527344E10
-4.0629218728E10
-9.4232789592E10
2.2965215472E10
5.102675768E10
2.2155799552E10
6.1348072696E10
-3.6806904784E10
1.6336377024E10
-1.7277879048E10
-2.344241904E9
1.694505956E10
1.6338238816E10
4.6555644456E10
7.497620512E9
4.2596422736E10
2.3488911896E10
-1.3337298952E10
2.2383335272E10
8.8216817496E10
-4.6280836464E10
2.964590156E10
5.212485648E9
4.4082589368E10
5.50281214E10
5.5660265192E10
2.100667012E10
-1.8785561608E10
-1.4138929704E10
-2.2224499112E10
9.479132932E10
-3.8306562096E10
7.13902072E9
2.8612489816E10
1.40178949592E11
8.65420384E8
-9.2327427584E10
-3.6405025208E10
2.7315708152E10
-5.0123323056E10
5.9790894896E10
-6.3265105784E10
2.3887192672E10
-6.790013704E9
-1.12298446432E11
3.4423707112E10
5.0187916528E10
-9.2010216E8
2.3765676288E10
-1.33840273504E11
5.669609232E10
1.6442607952E10
2.8851804712E10
-4.1537543768E10
1.38026900416E11
6.6001853992E10
2.0367249208E10
-4.1347399848E10
8.2917598176E10
-1.29740376E10
5.7731077912E10
3.4039624968E10
-2.4909269088E10
-2.06294144E8
-2.457417808E9
6.1835330888E10
-2.0009739688E10
-2.2064969848E10
7.1043062144E10
-6.096322168E9
-8.93907732E9
-4.3560487088E10
1.0088866056E10
5.808482908E10
-2.7657158952E10
-4.7109776832E10
6.8779941672E10
-1.24612828552E11
5.46892276E9
4.9077155624E10
2.8446214792E10
-4.5252862944E10
1.022875548E10
2.7431447856E10
5.962386532E10
-4.6081375408E10
1.9813807408E10
-3.5997260152E10
-9.632019248E9
8.925256576E10
3.9518326952E10
7.67015152E10
-4.2709597648E10
-3.2348098032E10
6.8249313288E10
-1.0234475036E11
6.8285969904E10
-9.348730872E9
-2.64783068E9
-7.9255408552E10
1.169316076E10
-3.3344357024E10
3.5444693056E10
-3.4068266168E10
-4.9846297944E10
-4.2009541208E10
-5.8218005848E10
8.845377328E10
-3.625342008E9
3.4933552256E10
3.2607744336E10
1.4001167728E10
-4.3348202032E10
1.5585927168E10
-3.639877288E10
-3.1237365728E10
-7.3478750056E10
-3.014593272E9
-2.937655672E10
6.187058848E9
-1.0568412168E10
-2.965108432E9
1.18585430328E11
-2.54775174E10
6.667649932E10
-9.8163436E8
-9.303977184E9
-2.8616420792E10
1.115311996E11
-3.8043921968E10
-2.44911676E10
1.06838020024E11
-4.6998602584E10
-2.4545151936E10
2.339790632E10
7.908791312E9
-2.1349045152E10
-4.1009843384E10
2.050561484E10
-1.004584424E9
-5.1392289928E10
-2.03481432E10
-7.8042724552E10
-2.7975066752E10
4.1289687056E10
-2.637734064E10
1.201805336E10
4.0189950192E10
3.0323403104E10
-1.1686011388E11
-4.7166515264E10
3.8641209848E10
-1.9946878904E10
-9.7900763912E10
1.7131960312E10
1.09904144E8
-1.1435096848E10
-2.4271229256E10
4.520812732E10
-1.35993059712E11
5.2825720544E10
-7.421728264E9
5.0612182448E10
8.0533423752E10
-2.3259541584E10
2.283375288E9
3.5473007944E10
-2.0408736104E10
-9.2566628128E10
6.7004974216E10
8.0179564376E10
-4.6621729824E10
3.0080286856E10
3.8492206288E10
9.6684234064E10
-5.7273980648E10
1.07866531696E11
-2.600303424E9
-1.860131376E10
-2.9848956728E10
1.434837788E10
1.1650283368E11
-1.016810568E9
-3.7980411704E10
-5.738033808E9
8.1186535832E10
7.5092008224E10
-2.4111913832E10
-1.8230154512E10
-6.5160684864E10
4.6108624E9
3.0006463496E10
-1.8076285232E10
2.973657092E10
3.91015672E9
-2.6352679128E10
-1.14875521408E11
5.3914900904E10
4.3118807296E10
-5.632986016E9
-1.9997562816E10
8.8695310528E10
-3.0634949736E10
1.210106804E10
-4.627764392E10
-2.8609444768E10
2.8469220176E10
8.6889448E7
-1.115775664E10
1.7328862424E10
-1.00047679664E11
3.4218745464E10
-2.923584136E10
4.7684128792E10
-4.381479448E9
3.306919524E10
-1.390784788E10
-6.9276916248E10
2.5222792616E10
1.21458940456E11
-3.3797501424E10
-2.9165956376E10
1.9118801312E10
-3.051669084E10
-3.4131303608E10
3.3347356664E10
5.98399528E9
4.0575799408E10
4.9144758656E10
-2.1408188144E10
-4.418030696E10
-1.3769556528E10
9.1702400984E10
-2.5128384608E10
6.541346704E9
5.6234528544E10
9.9109173448E10
-1.04293403384E11
1.0857859212E11
-2.0210314032E10
2.2005102184E10
8.179853064E9
-3.0627985976E10
-4.183358232E10
5.5053991176E10
-5.6929787016E10
7.294623712E9
1.4106754968E10
6.1747949856E10
-1.20164633168E11
-7.3358076968E10
-9.436366192E9
5.7597884424E10
3.2420233424E10
-5.970864228E10
2.7290099632E10
-2.0582892232E10
-8.7348634384E10
1.10773475088E11
-1.06853446272E11
5.8244388488E10
-7.4102408456E10
4.882924116E10
-2.2958418704E10
2.0959695344E10
-1.0180739072E10
9.210246104E9
-4.4777674792E10
3.1404987696E10
-4.1704471904E10
3.6681917392E10
4.729149932E10
2.429440416E9
-3.9873398688E10
4.5299597736E10
8.0463365552E10
-1.40538004408E11
1.0077810024E10
9.6127280768E10
1.3404418264E10
-3.2035463448E10
3.972427132E10
5.293546256E10
-4.4665378136E10
-8.0445381632E10
-1.252647336E9
9.816388312E9
-1.9750037784E10
-2.0771690944E10
6.0913647936E10
-4.6166024328E10
-1.03332762712E11
3.2687738248E10
-3.057545736E10
-1.7766169848E10
-5.8461655232E10
7.6528995704E10
-3.1089141192E10
-1.2712178952E10
3.454142968E9
-4.8830512568E10
5.04070104E8
3.8414659616E10
-1.22308472E8
-6.5336324832E10
-5.2197098264E10
-4.381177152E10
-3.174744332E10
1.1428213184E11
-4.3616186704E10
2.53562232E9
-8.9684175472E10
5.7368878928E10
3.5893613256E10
-8.2294023416E10
3.1787061864E10
6.3576618704E10
-7.9704263616E10
3.6779133792E10
2.6198894408E10
3.5552514832E10
-3.8096616664E10
4.231177536E10
7.137588016E9
3.5349147296E10
1.31905216E10
6.9080149072E10
-3.895951188E10
-1.2534255176E11
-6.781822056E9
1.9810137688E10
3.351150716E10
3.7121891824E10
3.0868173984E10
1.4998908176E10
-7.6857987432E10
2.712026856E10
-3.6382041432E10
7.2729932832E10
-3.036711212E10
-1.0867600208E10
7.435329508E10
-4.1574408576E10
1.3850194128E10
6.114103272E10
9.574591672E9
-5.9263049376E10
8.0041776592E10
-2.95972832E8
3.2591130024E10
-4.2610890464E10
2.1653616704E10
2.2303291456E10
5.5971484544E10
4.7214359288E10
-8.70079448E9
-4.3192243792E10
9.337848336E9
-1.3119439928E10
6.417694064E9
-5.6722836632E10
6.650561536E10
6.575050024E10
-1.0569172E9
1.783676112E9
7.797996596E10
-2.3114021176E10
-9.6874732448E10
7.8246073944E10
4.1625998368E10
-5.8040319088E10
4.64570842E10
-1.755355568E9
5.4825408024E10
3.2271507736E10
-4.845707856E10
8.3335292664E10
-2.9882158352E10
1.226237888E10
-3.682200296E10
9.845692072E9
4.400098656E10
-3.997923868E10
4.5122869256E10
4.620943376E9
-1.4108522336E10
-8.9901611432E10
1.6472350408E10
6.8517366272E10
-5.707492088E9
-2.395184688E9
5.536001364E10
1.086179076E10
-4.5396265024E10
-5.0460900192E10
-7.417355048E9
5.051581216E9
-2.4239834472E10
-2.827058492E10
-3.741473072E9
-2.016470128E10
-6.6945926664E10
-4.0668800064E10
3.7497316096E10
1.37601581488E11
3.4761945424E10
-3.066852232E9
-2.940984556E10
2.2799320936E10
-3.6116765296E10
3.3104190944E10
-1.664411684E10
-6.0839578928E10
-2.8710322192E10
-6.02439592E9
3.2117591448E10
1.59157624E8
-1.5259776864E10
1.14343310232E11
-1.7781406632E10
5.349517352E10
-1.04947356552E11
-5.2735825E10
-2.610842E9
2.9891963952E10
4.7072392136E10
3.1642102528E10
-1.32391426688E11
-1.17060626232E11
4.2904247128E10
-6.927437744E9
-1.08639427216E11
1.25336720464E11
8.983156504E9
1.4738245032E10
-2.9180054392E10
2.8240709E10
-9.3835270824E10
-7.0805213264E10
6.4736555336E10
3.57669648E9
3.7413060272E10
-4.3302353344E10
4.3394156592E10
-8.2785042936E10
7.8020267096E10
-5.6075348792E10
-1.8874639344E10
6.6985841936E10
-1.3241737888E10
1.5980000568E10
1.5496877656E10
-1.3647459344E10
2.3642368416E10
7.9178063488E10
-5.4306624712E10
3.2576558408E10
-1.08828746696E11
1.25015628048E11
6.9522133728E10
-4.1651264256E10
-6.3095058752E10
4.0912964936E10
3.2891743768E10
-4.5530437736E10
-2.3324900152E10
8.3371820864E10
-5.166988216E9
-1.24796007632E11
3.1570023968E10
6.8293110792E10
2.7706398856E10
-3.4655667976E10
-7.2856013832E10
1.32598397416E11
1.8874465752E10
-1.8662039776E10
2.709190016E10
-5.6679395544E10
-4.4696722936E10
3.64590872E10
2.5682000192E10
7.3434777664E10
-1.17108048904E11
9.0930415568E10
1.7223289048E10
-8.490217056E9
5.8779848544E10
2.9954939792E10
-2.6500494648E10
1.05332239456E11
-6.9408728944E10
-2.9706745648E10
7.3851388896E10
-1.06272551624E11
-4.4740378232E10
-1.1107622608E10
6.3162077704E10
-3.9914696888E10
-8.129496424E10
1.39283599304E11
5.2340290296E10
-7.3573825832E10
-4.1762968728E10
-4.4216951648E10
8.5473102296E10
5.0283864592E10
-1.76307156328E11
3.941433508E10
6.4475144272E10
9.51514852E9
-8.135616836E10
1.37986412816E11
-1.5125488136E10
-3.5969497472E10
3.4870122744E10
4.5340168936E10
-8.891955596E10
-2.668298824E9
5.442643308E10
-1.9789915552E10
2.815451328E9
2.7393751064E10
-5.752733696E9
9.9200760632E10
5.5850951224E10
